"Jul.Day","YYYY/MM/DD","Wdy","EUR/USD","GBP/USD","JPY/USD","ILS/USD","CHF/USD"
2457025,"2015/01/02","Fri",0.83242,0.65101,120.21,3.9290,1.00051
2457028,"2015/01/05","Mon",0.83905,0.65644,119.65,3.9540,1.00804
2457029,"2015/01/06","Tue",0.83782,0.65896,118.22,3.9465,1.00614
2457030,"2015/01/07","Wed",0.84602,0.66344,119.53,3.9782,1.01612
2457031,"2015/01/08","Thu",0.84674,0.66151,119.52,3.9571,1.01696
2457032,"2015/01/09","Fri",0.84536,0.66004,118.66,3.9458,1.01533
2457035,"2015/01/12","Mon",0.84520,0.65933,118.35,3.9412,1.01506
2457036,"2015/01/13","Tue",0.84906,0.65942,118.18,3.9367,1.01963
2457037,"2015/01/14","Wed",0.84700,0.65649,116.78,3.8951,1.01727
2457038,"2015/01/15","Thu",0.86239,0.65959,116.98,3.9289,0.89492
2457039,"2015/01/16","Fri",0.86830,0.66090,117.51,3.9402,0.84905
2457042,"2015/01/19","Mon",0.86043,0.66078,117.54,3.9130,0.87580
2457043,"2015/01/20","Tue",0.86519,0.65963,118.48,3.9326,0.87528
2457044,"2015/01/21","Wed",0.86332,0.66153,117.85,3.9395,0.85984
2457045,"2015/01/22","Thu",0.87619,0.66439,117.93,3.9499,0.86808
2457046,"2015/01/23","Fri",0.88662,0.66572,117.79,4.0126,0.87610
2457049,"2015/01/26","Mon",0.88580,0.66277,118.43,3.9907,0.89896
2457050,"2015/01/27","Tue",0.87959,0.65814,117.57,3.9428,0.90448
2457051,"2015/01/28","Wed",0.88174,0.65945,117.80,3.9365,0.90586
2457052,"2015/01/29","Thu",0.88432,0.66481,118.28,3.9340,0.92278
2457053,"2015/01/30","Fri",0.88577,0.66550,117.42,3.9298,0.92112
2457056,"2015/02/02","Mon",0.88217,0.66550,117.33,3.9392,0.92649
2457057,"2015/02/03","Tue",0.87251,0.66101,117.51,3.8876,0.92362
2457058,"2015/02/04","Wed",0.87585,0.65755,117.62,3.8927,0.92395
2457059,"2015/02/05","Thu",0.87473,0.65393,117.41,3.8602,0.92515
2457060,"2015/02/06","Fri",0.88258,0.65596,119.15,3.8879,0.92318
2457063,"2015/02/09","Mon",0.88371,0.65720,118.67,3.8803,0.92598
2457064,"2015/02/10","Tue",0.88375,0.65571,119.31,3.8691,0.92642
2457065,"2015/02/11","Wed",0.88536,0.65660,120.33,3.8877,0.92911
2457066,"2015/02/12","Thu",0.87656,0.65025,118.69,3.8871,0.92841
2457067,"2015/02/13","Fri",0.87663,0.64964,118.68,3.8855,0.93111
2457071,"2015/02/17","Tue",0.87759,0.65159,119.03,3.8663,0.93473
2457072,"2015/02/18","Wed",0.88177,0.64812,119.19,3.8656,0.94464
2457073,"2015/02/19","Thu",0.87781,0.64728,118.80,3.8442,0.94749
2457074,"2015/02/20","Fri",0.87947,0.65003,118.65,3.8575,0.94221
2457077,"2015/02/23","Mon",0.88151,0.64672,118.90,3.9093,0.94972
2457078,"2015/02/24","Tue",0.88455,0.64797,119.12,3.9520,0.95174
2457079,"2015/02/25","Wed",0.88009,0.64528,118.84,3.9476,0.94997
2457080,"2015/02/26","Thu",0.89195,0.64833,119.41,3.9525,0.95409
2457081,"2015/02/27","Fri",0.89305,0.64771,119.69,3.9796,0.95132
2457084,"2015/03/02","Mon",0.89376,0.65059,120.07,3.9971,0.95541
2457085,"2015/03/03","Tue",0.89191,0.64976,119.50,3.9783,0.95910
2457086,"2015/03/04","Wed",0.90341,0.65508,119.73,3.9923,0.96419
2457087,"2015/03/05","Thu",0.90871,0.65671,120.25,3.9942,0.97371
2457088,"2015/03/06","Fri",0.92135,0.66390,120.96,4.0307,0.98478
2457091,"2015/03/09","Mon",0.92205,0.66243,121.13,4.0083,0.98738
2457092,"2015/03/10","Tue",0.93398,0.66291,121.24,4.0438,0.99976
2457093,"2015/03/11","Wed",0.94569,0.66915,121.56,4.0329,1.00742
2457094,"2015/03/12","Thu",0.94210,0.67088,121.33,4.0073,1.00348
2457095,"2015/03/13","Fri",0.95027,0.67777,121.13,4.0414,1.00487
2457098,"2015/03/16","Mon",0.94570,0.67568,121.34,4.0066,1.00742
2457099,"2015/03/17","Tue",0.94299,0.67830,121.26,4.0053,1.00425
2457100,"2015/03/18","Wed",0.93967,0.68098,120.94,4.0236,0.99532
2457101,"2015/03/19","Thu",0.94156,0.67906,120.91,4.0316,0.99221
2457102,"2015/03/20","Fri",0.92672,0.67016,120.30,4.0577,0.97658
2457105,"2015/03/23","Mon",0.91518,0.66956,119.77,3.9670,0.96701
2457106,"2015/03/24","Tue",0.91696,0.67260,119.95,3.9183,0.95877
2457107,"2015/03/25","Wed",0.91023,0.67047,119.40,3.9586,0.95753
2457108,"2015/03/26","Thu",0.91591,0.67378,119.00,3.9565,0.96138
2457109,"2015/03/27","Fri",0.91818,0.67212,119.13,3.9609,0.95884
2457112,"2015/03/30","Mon",0.92445,0.67621,120.16,3.9591,0.96811
2457113,"2015/03/31","Tue",0.93100,0.67341,119.99,3.9771,0.97143
2457114,"2015/04/01","Wed",0.92879,0.67465,119.66,3.9673,0.96718
2457115,"2015/04/02","Thu",0.91948,0.67379,119.74,3.9476,0.95791
2457119,"2015/04/06","Mon",0.90857,0.66853,119.04,3.9133,0.95272
2457120,"2015/04/07","Tue",0.92169,0.67313,120.42,3.9382,0.96418
2457121,"2015/04/08","Wed",0.92440,0.67017,119.92,3.9296,0.96364
2457122,"2015/04/09","Thu",0.93720,0.67857,120.27,3.9547,0.97534
2457123,"2015/04/10","Fri",0.94366,0.68277,120.30,3.9870,0.98069
2457126,"2015/04/13","Mon",0.94510,0.68237,120.36,3.9930,0.97804
2457127,"2015/04/14","Tue",0.93693,0.67624,119.29,3.9613,0.97143
2457128,"2015/04/15","Wed",0.94374,0.67660,119.26,3.9804,0.97227
2457129,"2015/04/16","Thu",0.93097,0.67014,119.20,3.9374,0.95854
2457130,"2015/04/17","Fri",0.92763,0.66928,119.08,3.9183,0.95264
2457133,"2015/04/20","Mon",0.92912,0.67055,119.30,3.9393,0.95448
2457134,"2015/04/21","Tue",0.92964,0.66918,119.40,3.9504,0.95288
2457135,"2015/04/22","Wed",0.93220,0.66562,119.86,3.9440,0.96670
2457136,"2015/04/23","Thu",0.92577,0.66464,119.67,3.9323,0.95525
2457137,"2015/04/24","Fri",0.91951,0.65897,118.92,3.9119,0.95322
2457140,"2015/04/27","Mon",0.91816,0.65645,119.14,3.8935,0.95345
2457141,"2015/04/28","Tue",0.91089,0.65250,118.78,3.8566,0.95397
2457142,"2015/04/29","Wed",0.89503,0.64592,118.83,3.8561,0.93588
2457143,"2015/04/30","Thu",0.89591,0.65247,119.87,3.8657,0.94121
2457144,"2015/05/01","Fri",0.89332,0.66067,120.24,3.8878,0.93418
2457147,"2015/05/04","Mon",0.89724,0.66159,120.27,3.8880,0.93572
2457148,"2015/05/05","Tue",0.89497,0.65897,119.92,3.8764,0.92651
2457149,"2015/05/06","Wed",0.88139,0.65598,119.37,3.8602,0.91518
2457150,"2015/05/07","Thu",0.88632,0.65691,119.71,3.8696,0.91983
2457151,"2015/05/08","Fri",0.88974,0.64714,119.80,3.8620,0.92771
2457154,"2015/05/11","Mon",0.89753,0.64132,120.09,3.8649,0.93453
2457155,"2015/05/12","Tue",0.88984,0.63764,119.75,3.8568,0.92693
2457156,"2015/05/13","Wed",0.87933,0.63502,119.03,3.8305,0.91628
2457157,"2015/05/14","Thu",0.87970,0.63426,119.20,3.8276,0.91472
2457158,"2015/05/15","Fri",0.87505,0.63404,119.38,3.8067,0.91792
2457162,"2015/05/19","Tue",0.89688,0.64428,120.54,3.8679,0.93693
2457163,"2015/05/20","Wed",0.90259,0.64341,121.27,3.8744,0.93953
2457164,"2015/05/21","Thu",0.89878,0.63813,121.04,3.8709,0.93480
2457165,"2015/05/22","Fri",0.90639,0.64585,121.42,3.8911,0.94298
2457168,"2015/05/25","Mon",0.91148,0.64666,121.46,3.8704,0.94450
2457169,"2015/05/26","Tue",0.91945,0.64949,123.07,3.8820,0.95052
2457170,"2015/05/27","Wed",0.91862,0.65267,123.74,3.8810,0.95088
2457171,"2015/05/28","Thu",0.91635,0.65403,124.15,3.8688,0.94616
2457172,"2015/05/29","Fri",0.90952,0.65433,124.03,3.8687,0.94061
2457175,"2015/06/01","Mon",0.91639,0.65848,124.63,3.8759,0.94688
2457176,"2015/06/02","Tue",0.89859,0.65233,124.23,3.8521,0.93448
2457177,"2015/06/03","Wed",0.88626,0.65154,124.11,3.8454,0.93377
2457178,"2015/06/04","Thu",0.88728,0.65079,124.52,3.8320,0.93433
2457179,"2015/06/05","Fri",0.90024,0.65497,125.59,3.8666,0.94363
2457182,"2015/06/08","Mon",0.89038,0.65447,125.09,3.8415,0.93342
2457183,"2015/06/09","Tue",0.88643,0.65011,124.16,3.8228,0.92973
2457184,"2015/06/10","Wed",0.88443,0.64397,122.72,3.8191,0.92939
2457185,"2015/06/11","Thu",0.88993,0.64549,123.63,3.8218,0.93643
2457186,"2015/06/12","Fri",0.88671,0.64160,123.25,3.8414,0.92623
2457189,"2015/06/15","Mon",0.88763,0.64222,123.39,3.8366,0.93519
2457190,"2015/06/16","Tue",0.88993,0.63956,123.40,3.8375,0.93268
2457191,"2015/06/17","Wed",0.89046,0.63673,124.25,3.8355,0.92779
2457192,"2015/06/18","Thu",0.87696,0.62969,122.86,3.8153,0.91977
2457193,"2015/06/19","Fri",0.88224,0.62982,122.67,3.8264,0.92074
2457196,"2015/06/22","Mon",0.87872,0.63200,123.27,3.7774,0.91887
2457197,"2015/06/23","Tue",0.89378,0.63495,123.72,3.7686,0.93386
2457198,"2015/06/24","Wed",0.89465,0.63775,124.24,3.7519,0.93620
2457199,"2015/06/25","Thu",0.89335,0.63592,123.64,3.7758,0.93772
2457200,"2015/06/26","Fri",0.89649,0.63539,123.92,3.7958,0.93523
2457203,"2015/06/29","Mon",0.89446,0.63442,122.47,3.7773,0.92833
2457204,"2015/06/30","Tue",0.89670,0.63597,122.17,3.7743,0.93487
2457206,"2015/07/02","Thu",0.90169,0.64050,123.20,3.7702,0.94382
2457207,"2015/07/03","Fri",0.90121,0.64213,122.64,3.7626,0.94137
2457210,"2015/07/06","Mon",0.90295,0.64023,122.58,3.7667,0.94337
2457211,"2015/07/07","Tue",0.91313,0.64732,122.15,3.7951,0.94820
2457212,"2015/07/08","Wed",0.90317,0.65138,120.59,3.7852,0.94587
2457213,"2015/07/09","Thu",0.90714,0.65043,121.23,3.7884,0.94957
2457214,"2015/07/10","Fri",0.89688,0.64510,122.73,3.7618,0.94122
2457217,"2015/07/13","Mon",0.90749,0.64445,123.30,3.7724,0.94927
2457218,"2015/07/14","Tue",0.90785,0.64170,123.41,3.7683,0.94647
2457219,"2015/07/15","Wed",0.91208,0.64019,123.92,3.7783,0.95237
2457220,"2015/07/16","Thu",0.91766,0.64105,124.06,3.7944,0.95639
2457221,"2015/07/17","Fri",0.92184,0.64007,124.03,3.8162,0.96104
2457224,"2015/07/20","Mon",0.92169,0.64159,124.23,3.8284,0.96320
2457225,"2015/07/21","Tue",0.91520,0.64310,123.91,3.8054,0.95908
2457226,"2015/07/22","Wed",0.91881,0.64041,124.06,3.8222,0.96147
2457227,"2015/07/23","Thu",0.91119,0.64381,123.86,3.8245,0.95830
2457228,"2015/07/24","Fri",0.91112,0.64462,123.79,3.8210,0.96213
2457231,"2015/07/27","Mon",0.89990,0.64128,123.19,3.7729,0.95979
2457232,"2015/07/28","Tue",0.90460,0.64039,123.53,3.7786,0.96400
2457233,"2015/07/29","Wed",0.90713,0.64010,123.85,3.7765,0.96324
2457234,"2015/07/30","Thu",0.91623,0.64180,124.41,3.7811,0.96970
2457235,"2015/07/31","Fri",0.90680,0.63968,123.90,3.7675,0.96373
2457239,"2015/08/04","Tue",0.91298,0.64059,124.05,3.7890,0.97302
2457240,"2015/08/05","Wed",0.92015,0.64085,124.84,3.8156,0.98110
2457241,"2015/08/06","Thu",0.91569,0.64436,124.55,3.8100,0.98098
2457242,"2015/08/07","Fri",0.91277,0.64666,124.26,3.8068,0.98248
2457245,"2015/08/10","Mon",0.90957,0.64331,124.58,3.8053,0.98447
2457246,"2015/08/11","Tue",0.90576,0.64221,124.86,3.8154,0.98694
2457247,"2015/08/12","Wed",0.89309,0.63944,123.91,3.8089,0.96922
2457248,"2015/08/13","Thu",0.89729,0.64120,124.32,3.7951,0.97612
2457249,"2015/08/14","Fri",0.90019,0.64007,124.32,3.7809,0.97816
2457252,"2015/08/17","Mon",0.90289,0.64121,124.32,3.8244,0.97723
2457253,"2015/08/18","Tue",0.90697,0.63871,124.39,3.8507,0.97647
2457254,"2015/08/19","Wed",0.90413,0.63926,124.08,3.8686,0.97037
2457255,"2015/08/20","Thu",0.89295,0.63749,123.51,3.8710,0.96219
2457256,"2015/08/21","Fri",0.88059,0.63710,122.09,3.8696,0.94877
2457259,"2015/08/24","Mon",0.86371,0.63573,118.72,3.8443,0.93504
2457260,"2015/08/25","Tue",0.87641,0.63706,119.89,3.8617,0.94877
2457261,"2015/08/26","Wed",0.87809,0.64553,119.10,3.9242,0.94778
2457262,"2015/08/27","Thu",0.89001,0.64898,120.96,3.9149,0.96328
2457263,"2015/08/28","Fri",0.89516,0.65098,121.29,3.9339,0.96215
2457266,"2015/08/31","Mon",0.89339,0.65096,121.31,3.9342,0.96773
2457267,"2015/09/01","Tue",0.88783,0.65188,119.92,3.9270,0.96218
2457268,"2015/09/02","Wed",0.88965,0.65320,120.03,3.9300,0.96920
2457269,"2015/09/03","Thu",0.90071,0.65569,120.21,3.9318,0.97669
2457270,"2015/09/04","Fri",0.89956,0.65816,119.04,3.9316,0.97545
2457274,"2015/09/08","Tue",0.89439,0.65019,119.74,3.9050,0.97799
2457275,"2015/09/09","Wed",0.89569,0.65093,120.98,3.8925,0.97738
2457276,"2015/09/10","Thu",0.88790,0.64694,120.72,3.8857,0.97342
2457277,"2015/09/11","Fri",0.88213,0.64824,120.69,3.8649,0.97367
2457280,"2015/09/14","Mon",0.88449,0.64842,119.87,3.8858,0.96847
2457281,"2015/09/15","Tue",0.88817,0.65142,120.35,3.8838,0.97558
2457282,"2015/09/16","Wed",0.88473,0.64525,120.57,3.8668,0.96890
2457283,"2015/09/17","Thu",0.88408,0.64482,120.86,3.8862,0.97063
2457284,"2015/09/18","Fri",0.88046,0.64223,119.84,3.9035,0.96160
2457287,"2015/09/21","Mon",0.89256,0.64496,120.45,3.9352,0.97041
2457288,"2015/09/22","Tue",0.89838,0.65120,120.05,3.9471,0.97360
2457289,"2015/09/23","Wed",0.89603,0.65607,120.06,3.9522,0.97811
2457290,"2015/09/24","Thu",0.88870,0.65565,119.53,3.9256,0.97303
2457291,"2015/09/25","Fri",0.89364,0.65916,120.70,3.9376,0.97612
2457294,"2015/09/28","Mon",0.89014,0.65759,119.83,3.9332,0.97369
2457295,"2015/09/29","Tue",0.88934,0.65934,119.76,3.9323,0.97132
2457296,"2015/09/30","Wed",0.89586,0.66163,119.80,3.9210,0.97738
2457297,"2015/10/01","Thu",0.89286,0.65956,119.62,3.9341,0.97468
2457298,"2015/10/02","Fri",0.88691,0.65725,119.37,3.9234,0.96841
2457301,"2015/10/05","Mon",0.89299,0.65943,120.38,3.8759,0.97482
2457302,"2015/10/06","Tue",0.88768,0.65677,120.22,3.8559,0.96769
2457303,"2015/10/07","Wed",0.88910,0.65304,119.93,3.8488,0.97197
2457304,"2015/10/08","Thu",0.88624,0.65296,119.98,3.8641,0.96709
2457305,"2015/10/09","Fri",0.88002,0.65301,120.32,3.8268,0.96153
2457309,"2015/10/13","Tue",0.87868,0.65616,119.80,3.8660,0.95901
2457310,"2015/10/14","Wed",0.87444,0.64751,119.21,3.8488,0.95211
2457311,"2015/10/15","Thu",0.87592,0.64623,118.28,3.8223,0.94910
2457312,"2015/10/16","Fri",0.88033,0.64765,119.64,3.8331,0.95390
2457315,"2015/10/19","Mon",0.88362,0.64641,119.47,3.8570,0.95630
2457316,"2015/10/20","Tue",0.88037,0.64647,119.80,3.8544,0.95397
2457317,"2015/10/21","Wed",0.88151,0.64675,119.89,3.8679,0.95723
2457318,"2015/10/22","Thu",0.89761,0.64940,120.52,3.8733,0.97114
2457319,"2015/10/23","Fri",0.90766,0.65192,121.18,3.8947,0.97701
2457322,"2015/10/26","Mon",0.90498,0.65104,120.83,3.8789,0.98139
2457323,"2015/10/27","Tue",0.90487,0.65310,120.26,3.8592,0.98483
2457324,"2015/10/28","Wed",0.90389,0.65277,120.62,3.8659,0.98502
2457325,"2015/10/29","Thu",0.91243,0.65389,121.16,3.8724,0.99187
2457326,"2015/10/30","Fri",0.90565,0.64758,120.69,3.8673,0.98598
2457329,"2015/11/02","Mon",0.90711,0.64824,120.69,3.8731,0.98548
2457330,"2015/11/03","Tue",0.91363,0.64923,121.24,3.8695,0.99205
2457331,"2015/11/04","Wed",0.92088,0.65030,121.55,3.8855,0.99343
2457332,"2015/11/05","Thu",0.92006,0.65648,121.69,3.8829,0.99652
2457333,"2015/11/06","Fri",0.93069,0.66361,123.22,3.9245,1.00491
2457336,"2015/11/09","Mon",0.92878,0.66130,123.03,3.9206,1.00151
2457337,"2015/11/10","Tue",0.93584,0.66189,123.22,3.9135,1.00798
2457339,"2015/11/12","Thu",0.92874,0.65769,122.87,3.8807,1.00143
2457340,"2015/11/13","Fri",0.93276,0.65759,122.88,3.8857,1.00855
2457343,"2015/11/16","Mon",0.93397,0.65775,123.07,3.8987,1.00770
2457344,"2015/11/17","Tue",0.94036,0.65733,123.48,3.9085,1.01710
2457345,"2015/11/18","Wed",0.94002,0.65756,123.52,3.9032,1.01994
2457346,"2015/11/19","Thu",0.93056,0.65249,122.73,3.8826,1.01375
2457347,"2015/11/20","Fri",0.93817,0.65795,122.82,3.8875,1.01786
2457350,"2015/11/23","Mon",0.94329,0.66117,122.99,3.8795,1.02063
2457351,"2015/11/24","Tue",0.93877,0.66417,122.43,3.8630,1.01611
2457352,"2015/11/25","Wed",0.94200,0.66201,122.70,3.8778,1.02221
2457353,"2015/11/26","Thu",0.94279,0.66153,122.58,3.8821,1.02473
2457354,"2015/11/27","Fri",0.94384,0.66497,122.79,3.8837,1.03063
2457357,"2015/11/30","Mon",0.94688,0.66476,123.23,3.8714,1.02838
2457358,"2015/12/01","Tue",0.94182,0.66343,122.90,3.8714,1.03028
2457359,"2015/12/02","Wed",0.94577,0.66998,123.47,3.8860,1.02761
2457360,"2015/12/03","Thu",0.91740,0.66281,123.11,3.8488,0.99978
2457361,"2015/12/04","Fri",0.91881,0.66229,123.07,3.8153,0.99858
2457364,"2015/12/07","Mon",0.92249,0.66339,123.36,3.8738,1.00230
2457365,"2015/12/08","Tue",0.91956,0.66672,123.01,3.8815,0.99408
2457366,"2015/12/09","Wed",0.91052,0.65937,121.82,3.8655,0.98672
2457367,"2015/12/10","Thu",0.91348,0.65903,121.42,3.8612,0.98887
2457368,"2015/12/11","Fri",0.90901,0.65739,120.99,3.8483,0.98292
2457371,"2015/12/14","Mon",0.90713,0.66097,120.57,3.8587,0.98219
2457372,"2015/12/15","Tue",0.91667,0.66473,121.70,3.8725,0.99219
2457373,"2015/12/16","Wed",0.91436,0.66614,121.84,3.8844,0.98523
2457374,"2015/12/17","Thu",0.92553,0.67228,122.76,3.8935,0.99886
2457375,"2015/12/18","Fri",0.92202,0.67066,121.24,3.8962,0.99420
2457378,"2015/12/21","Mon",0.91582,0.67089,121.02,3.8937,0.99129
2457379,"2015/12/22","Tue",0.91105,0.67518,120.91,3.8930,0.98640
2457380,"2015/12/23","Wed",0.91959,0.67285,120.94,3.8911,0.99398
2457381,"2015/12/24","Thu",0.91296,0.66926,120.29,3.8847,0.98759
2457386,"2015/12/29","Tue",0.91606,0.67597,120.43,3.9003,0.99283
2457387,"2015/12/30","Wed",0.91644,0.67427,120.63,3.9033,0.98931
2457388,"2015/12/31","Thu",0.92089,0.67820,120.24,3.8986,1.00254
2457392,"2016/01/04","Mon",0.92565,0.68098,119.29,3.9239,1.00431
2457393,"2016/01/05","Tue",0.93094,0.68212,118.99,3.9306,1.00974
2457394,"2016/01/06","Wed",0.92927,0.68366,118.55,3.9440,1.00859
2457395,"2016/01/07","Thu",0.92083,0.68597,117.96,3.9277,1.00228
2457396,"2016/01/08","Fri",0.91872,0.68871,117.73,3.9308,0.99739
2457399,"2016/01/11","Mon",0.91936,0.68673,117.49,3.9382,1.00007
2457400,"2016/01/12","Tue",0.92289,0.69438,117.82,3.9358,1.00309
2457401,"2016/01/13","Wed",0.92065,0.69117,118.03,3.9334,1.00648
2457402,"2016/01/14","Thu",0.92064,0.69405,118.00,3.9465,1.00722
2457403,"2016/01/15","Fri",0.91210,0.69987,116.78,3.9651,0.99863
2457406,"2016/01/18","Mon",0.91869,0.70086,117.37,3.9539,1.00582
2457407,"2016/01/19","Tue",0.91704,0.70569,117.71,3.9721,1.00332
2457408,"2016/01/20","Wed",0.91686,0.70591,116.43,3.9741,1.00337
2457409,"2016/01/21","Thu",0.92313,0.70440,117.61,3.9729,1.01122
2457410,"2016/01/22","Fri",0.92484,0.69902,118.42,3.9862,1.01506
2457413,"2016/01/25","Mon",0.92330,0.70203,118.57,3.9677,1.01488
2457414,"2016/01/26","Tue",0.92210,0.69731,118.47,3.9667,1.01899
2457415,"2016/01/27","Wed",0.92019,0.70120,118.91,3.9692,1.01783
2457416,"2016/01/28","Thu",0.91300,0.69692,118.66,3.9509,1.01347
2457417,"2016/01/29","Fri",0.92322,0.70506,121.07,3.9595,1.02266
2457420,"2016/02/01","Mon",0.91843,0.69609,121.05,3.9543,1.02032
2457421,"2016/02/02","Tue",0.91675,0.69453,120.31,3.9639,1.01850
2457422,"2016/02/03","Wed",0.90473,0.68609,117.94,3.9481,1.00749
2457423,"2016/02/04","Thu",0.89298,0.68599,116.72,3.9005,0.99305
2457424,"2016/02/05","Fri",0.89847,0.69124,117.00,3.8760,0.99427
2457427,"2016/02/08","Mon",0.89536,0.69366,115.72,3.8951,0.98871
2457428,"2016/02/09","Tue",0.88363,0.69024,114.88,3.8668,0.97132
2457429,"2016/02/10","Wed",0.89104,0.69101,114.02,3.8886,0.97788
2457430,"2016/02/11","Thu",0.88014,0.69214,111.71,3.8976,0.97066
2457431,"2016/02/12","Fri",0.89017,0.69168,112.94,3.8873,0.97698
2457435,"2016/02/16","Tue",0.89773,0.69982,113.89,3.9064,0.98852
2457436,"2016/02/17","Wed",0.89767,0.69848,114.13,3.8986,0.99282
2457437,"2016/02/18","Thu",0.90157,0.69777,113.68,3.9136,0.99420
2457438,"2016/02/19","Fri",0.89880,0.69727,112.48,3.9130,0.98967
2457441,"2016/02/22","Mon",0.90767,0.70640,113.10,3.9089,0.99898
2457442,"2016/02/23","Tue",0.90785,0.71229,112.22,3.9104,0.99223
2457443,"2016/02/24","Wed",0.90733,0.71777,111.38,3.9175,0.98617
2457444,"2016/02/25","Thu",0.90694,0.71768,112.66,3.9076,0.98950
2457445,"2016/02/26","Fri",0.91484,0.72120,113.74,3.9119,0.99706
2457448,"2016/02/29","Mon",0.92018,0.71820,112.88,3.9050,0.99617
2457449,"2016/03/01","Tue",0.92189,0.71703,113.91,3.8895,0.99940
2457450,"2016/03/02","Wed",0.92215,0.71143,113.85,3.8902,0.99829
2457451,"2016/03/03","Thu",0.91353,0.70667,113.52,3.8883,0.99208
2457452,"2016/03/04","Fri",0.90833,0.70302,113.89,3.9111,0.99263
2457455,"2016/03/07","Mon",0.90879,0.70160,113.59,3.9121,0.99723
2457456,"2016/03/08","Tue",0.90693,0.70306,112.61,3.9035,0.99443
2457457,"2016/03/09","Wed",0.90738,0.70255,113.03,3.8952,0.99594
2457458,"2016/03/10","Thu",0.89619,0.69932,113.14,3.8841,0.98606
2457459,"2016/03/11","Fri",0.89460,0.69330,113.63,3.8754,0.98172
2457462,"2016/03/14","Mon",0.90043,0.69823,113.62,3.8868,0.98598
2457463,"2016/03/15","Tue",0.89990,0.70593,112.83,3.8970,0.98518
2457464,"2016/03/16","Wed",0.90296,0.70924,113.72,3.8956,0.98802
2457465,"2016/03/17","Thu",0.88369,0.69016,111.26,3.8551,0.96802
2457466,"2016/03/18","Fri",0.88560,0.68896,111.43,3.8534,0.96816
2457469,"2016/03/21","Mon",0.88808,0.69438,111.61,3.8506,0.96772
2457470,"2016/03/22","Tue",0.89073,0.70341,111.83,3.8430,0.97048
2457471,"2016/03/23","Wed",0.89488,0.70870,112.65,3.8381,0.97331
2457472,"2016/03/24","Thu",0.89583,0.70708,112.64,3.8317,0.97674
2457476,"2016/03/28","Mon",0.89220,0.70184,113.26,3.8303,0.97349
2457477,"2016/03/29","Tue",0.89264,0.70028,113.30,3.8227,0.97451
2457478,"2016/03/30","Wed",0.88261,0.69498,112.62,3.7845,0.96393
2457479,"2016/03/31","Thu",0.87790,0.69542,112.40,3.7575,0.95833
2457480,"2016/04/01","Fri",0.87835,0.70406,112.09,3.7774,0.95927
2457483,"2016/04/04","Mon",0.87826,0.70045,111.23,3.7829,0.96001
2457484,"2016/04/05","Tue",0.87882,0.70674,110.12,3.8163,0.95684
2457485,"2016/04/06","Wed",0.87507,0.70614,109.61,3.7937,0.95404
2457486,"2016/04/07","Thu",0.87829,0.71009,107.98,3.7879,0.95502
2457487,"2016/04/08","Fri",0.87680,0.70906,108.38,3.7776,0.95397
2457490,"2016/04/11","Mon",0.87641,0.70233,107.97,3.7636,0.95412
2457491,"2016/04/12","Tue",0.87761,0.70208,108.56,3.7666,0.95465
2457492,"2016/04/13","Wed",0.88655,0.70313,109.24,3.7768,0.96529
2457493,"2016/04/14","Thu",0.88787,0.70683,109.15,3.7831,0.96678
2457494,"2016/04/15","Fri",0.88548,0.70343,108.78,3.7740,0.96720
2457497,"2016/04/18","Mon",0.88324,0.70054,108.88,3.7769,0.96368
2457498,"2016/04/19","Tue",0.87907,0.69470,109.20,3.7622,0.95988
2457499,"2016/04/20","Wed",0.88276,0.69574,109.51,3.7614,0.96722
2457500,"2016/04/21","Thu",0.88497,0.69751,109.38,3.7648,0.97231
2457501,"2016/04/22","Fri",0.88978,0.69511,111.47,3.7675,0.97748
2457504,"2016/04/25","Mon",0.88708,0.69007,111.03,3.7615,0.97433
2457505,"2016/04/26","Tue",0.88352,0.68443,111.23,3.7586,0.97135
2457506,"2016/04/27","Wed",0.88326,0.68713,111.22,3.7537,0.97110
2457507,"2016/04/28","Thu",0.88307,0.68576,108.51,3.7613,0.96872
2457508,"2016/04/29","Fri",0.87413,0.68380,106.89,3.7370,0.95999
2457511,"2016/05/02","Mon",0.86837,0.68196,106.52,3.7535,0.95582
2457512,"2016/05/03","Tue",0.86908,0.68770,106.34,3.7756,0.95426
2457513,"2016/05/04","Wed",0.87060,0.69091,107.10,3.7905,0.95763
2457514,"2016/05/05","Thu",0.87698,0.69035,107.29,3.7881,0.96872
2457515,"2016/05/06","Fri",0.87564,0.69263,106.70,3.7936,0.96990
2457518,"2016/05/09","Mon",0.87702,0.69405,108.37,3.7828,0.96992
2457519,"2016/05/10","Tue",0.87834,0.69192,109.27,3.7737,0.97465
2457520,"2016/05/11","Wed",0.87379,0.69063,108.50,3.7521,0.97000
2457521,"2016/05/12","Thu",0.87870,0.69200,108.78,3.7674,0.96932
2457522,"2016/05/13","Fri",0.88545,0.69600,109.11,3.7858,0.97572
2457525,"2016/05/16","Mon",0.88279,0.69401,108.93,3.8161,0.97732
2457526,"2016/05/17","Tue",0.88205,0.69048,109.01,3.8144,0.97614
2457527,"2016/05/18","Wed",0.88688,0.68431,109.65,3.8408,0.98237
2457528,"2016/05/19","Thu",0.89176,0.68459,109.85,3.8690,0.98936
2457529,"2016/05/20","Fri",0.89227,0.68912,110.57,3.8829,0.99207
2457533,"2016/05/24","Tue",0.89733,0.68394,110.05,3.8514,0.99311
2457534,"2016/05/25","Wed",0.89664,0.68071,110.28,3.8466,0.99092
2457535,"2016/05/26","Thu",0.89419,0.68156,109.73,3.8337,0.98993
2457536,"2016/05/27","Fri",0.89775,0.68286,109.82,3.8414,0.99169
2457539,"2016/05/30","Mon",0.89797,0.68343,111.06,3.8460,0.99293
2457540,"2016/05/31","Tue",0.89812,0.68828,110.74,3.8518,0.99348
2457541,"2016/06/01","Wed",0.89585,0.69481,109.55,3.8548,0.98942
2457542,"2016/06/02","Thu",0.89638,0.69364,108.73,3.8618,0.99038
2457543,"2016/06/03","Fri",0.88280,0.68880,106.92,3.8444,0.97824
2457546,"2016/06/06","Mon",0.88085,0.69215,107.31,3.8239,0.97210
2457547,"2016/06/07","Tue",0.88115,0.68670,107.29,3.8290,0.96623
2457548,"2016/06/08","Wed",0.87715,0.68748,106.68,3.8307,0.95942
2457549,"2016/06/09","Thu",0.88275,0.69126,106.54,3.8474,0.96410
2457550,"2016/06/10","Fri",0.88654,0.69737,107.03,3.8582,0.96332
2457553,"2016/06/13","Mon",0.88643,0.70324,106.07,3.8577,0.96638
2457554,"2016/06/14","Tue",0.89256,0.70794,106.07,3.8765,0.96388
2457555,"2016/06/15","Wed",0.88988,0.70514,105.85,3.8665,0.96474
2457556,"2016/06/16","Thu",0.89629,0.71057,104.08,3.8801,0.96643
2457557,"2016/06/17","Fri",0.88851,0.70016,104.19,3.8708,0.96105
2457560,"2016/06/20","Mon",0.88361,0.68086,104.29,3.8610,0.96156
2457561,"2016/06/21","Tue",0.88804,0.68181,104.55,3.8597,0.95965
2457562,"2016/06/22","Wed",0.88597,0.68119,104.57,3.8510,0.95843
2457563,"2016/06/23","Thu",0.87945,0.67564,105.91,3.8237,0.95678
2457564,"2016/06/24","Fri",0.89901,0.73353,102.31,3.8953,0.97026
2457567,"2016/06/27","Mon",0.90725,0.75670,101.70,3.8876,0.97889
2457568,"2016/06/28","Tue",0.90476,0.75234,102.75,3.8785,0.98141
2457569,"2016/06/29","Wed",0.89953,0.74027,102.70,3.8538,0.97942
2457570,"2016/06/30","Thu",0.90630,0.75524,102.76,3.8579,0.97922
2457574,"2016/07/04","Mon",0.89737,0.75195,102.51,3.8513,0.97148
2457575,"2016/07/05","Tue",0.90262,0.76812,101.56,3.8909,0.97677
2457576,"2016/07/06","Wed",0.90287,0.77411,101.13,3.8902,0.97797
2457577,"2016/07/07","Thu",0.90380,0.77369,100.73,3.8804,0.97815
2457578,"2016/07/08","Fri",0.90609,0.77314,100.64,3.8885,0.98441
2457581,"2016/07/11","Mon",0.90556,0.77018,102.63,3.8826,0.98315
2457582,"2016/07/12","Tue",0.90307,0.75573,104.71,3.8773,0.98696
2457583,"2016/07/13","Wed",0.90003,0.75876,104.14,3.8586,0.98339
2457584,"2016/07/14","Thu",0.90031,0.75017,105.43,3.8518,0.98071
2457585,"2016/07/15","Fri",0.90431,0.75806,105.66,3.8651,0.98348
2457588,"2016/07/18","Mon",0.90286,0.75318,105.99,3.8528,0.98237
2457589,"2016/07/19","Tue",0.90794,0.76193,106.10,3.8639,0.98503
2457590,"2016/07/20","Wed",0.90865,0.75902,106.62,3.8580,0.98743
2457591,"2016/07/21","Thu",0.90781,0.75666,105.98,3.8460,0.98692
2457592,"2016/07/22","Fri",0.91172,0.76408,106.27,3.8397,0.98897
2457595,"2016/07/25","Mon",0.91081,0.76168,106.05,3.8478,0.98687
2457596,"2016/07/26","Tue",0.91052,0.76159,104.83,3.8421,0.99249
2457597,"2016/07/27","Wed",0.91009,0.76376,105.68,3.8397,0.99384
2457598,"2016/07/28","Thu",0.90138,0.76044,104.86,3.8285,0.98071
2457599,"2016/07/29","Fri",0.89530,0.75360,102.36,3.8109,0.96901
2457603,"2016/08/02","Tue",0.89095,0.75047,100.84,3.8105,0.96441
2457604,"2016/08/03","Wed",0.89528,0.75000,101.32,3.8212,0.97170
2457605,"2016/08/04","Thu",0.89828,0.76098,101.05,3.8264,0.97390
2457606,"2016/08/05","Fri",0.90255,0.76521,101.78,3.8403,0.97971
2457609,"2016/08/08","Mon",0.90177,0.76584,102.44,3.9331,0.98261
2457610,"2016/08/09","Tue",0.90015,0.76869,101.92,3.8164,0.98269
2457611,"2016/08/10","Wed",0.89519,0.76941,101.32,3.8187,0.97601
2457612,"2016/08/11","Thu",0.89543,0.77165,101.46,3.8099,0.97234
2457613,"2016/08/12","Fri",0.89510,0.77330,101.05,3.8062,0.97389
2457616,"2016/08/15","Mon",0.89308,0.77680,101.03,3.7939,0.97143
2457617,"2016/08/16","Tue",0.88679,0.76820,100.25,3.7796,0.96222
2457618,"2016/08/17","Wed",0.88795,0.76857,100.27,3.7975,0.96409
2457619,"2016/08/18","Thu",0.88237,0.76064,100.04,3.7684,0.95772
2457620,"2016/08/19","Fri",0.88290,0.76573,100.22,3.7699,0.95947
2457623,"2016/08/22","Mon",0.88396,0.76152,100.25,3.7765,0.96280
2457624,"2016/08/23","Tue",0.88436,0.75885,100.25,3.7725,0.96233
2457625,"2016/08/24","Wed",0.88837,0.75566,100.54,3.7660,0.96733
2457626,"2016/08/25","Thu",0.88701,0.75895,100.60,3.7586,0.96856
2457627,"2016/08/26","Fri",0.88983,0.75949,101.23,3.7713,0.97192
2457630,"2016/08/29","Mon",0.89435,0.76407,102.11,3.7890,0.97828
2457631,"2016/08/30","Tue",0.89684,0.76432,102.96,3.7901,0.98227
2457632,"2016/08/31","Wed",0.89718,0.76178,103.42,3.7821,0.98322
2457633,"2016/09/01","Thu",0.89333,0.75345,103.20,3.7675,0.97923
2457634,"2016/09/02","Fri",0.89630,0.75200,104.16,3.7613,0.98047
2457638,"2016/09/06","Tue",0.89002,0.74474,102.25,3.7553,0.97200
2457639,"2016/09/07","Wed",0.88992,0.74975,101.70,3.7507,0.97028
2457640,"2016/09/08","Thu",0.88832,0.75192,102.29,3.7603,0.97258
2457641,"2016/09/09","Fri",0.89176,0.75431,102.87,3.7613,0.97691
2457644,"2016/09/12","Mon",0.89050,0.75125,102.00,3.7773,0.97364
2457645,"2016/09/13","Tue",0.88960,0.75860,102.15,3.7858,0.97411
2457646,"2016/09/14","Wed",0.88725,0.75742,102.32,3.7867,0.97099
2457647,"2016/09/15","Thu",0.88938,0.75682,102.22,3.7732,0.97162
2457648,"2016/09/16","Fri",0.89616,0.76402,102.35,3.7762,0.97969
2457651,"2016/09/19","Mon",0.89454,0.76629,101.86,3.7735,0.97993
2457652,"2016/09/20","Tue",0.89512,0.77082,101.68,3.7762,0.97826
2457653,"2016/09/21","Wed",0.89579,0.77061,100.66,3.7750,0.97580
2457654,"2016/09/22","Thu",0.89058,0.76394,100.84,3.7587,0.96786
2457655,"2016/09/23","Fri",0.89103,0.77173,101.04,3.7604,0.97037
2457658,"2016/09/26","Mon",0.88749,0.77058,100.36,3.7534,0.96688
2457659,"2016/09/27","Tue",0.89218,0.76907,100.36,3.7530,0.97197
2457660,"2016/09/28","Wed",0.89286,0.76953,100.55,3.7577,0.97260
2457661,"2016/09/29","Thu",0.88929,0.76983,101.48,3.7506,0.96558
2457662,"2016/09/30","Fri",0.88983,0.76847,101.21,3.7509,0.96940
2457665,"2016/10/03","Mon",0.89197,0.77886,101.52,3.7631,0.97398
2457666,"2016/10/04","Tue",0.89185,0.78454,102.65,3.7715,0.97802
2457667,"2016/10/05","Wed",0.89336,0.78469,103.52,3.7749,0.97702
2457668,"2016/10/06","Thu",0.89626,0.79088,104.02,3.7894,0.97990
2457669,"2016/10/07","Fri",0.89638,0.80460,103.45,3.8022,0.98061
2457673,"2016/10/11","Tue",0.90406,0.81859,103.35,3.8076,0.98776
2457674,"2016/10/12","Wed",0.90808,0.82018,104.46,3.8196,0.99030
2457675,"2016/10/13","Thu",0.90597,0.81948,103.60,3.8062,0.98701
2457676,"2016/10/14","Fri",0.91034,0.82049,104.09,3.8224,0.99022
2457679,"2016/10/17","Mon",0.90914,0.82066,103.94,3.8292,0.98804
2457680,"2016/10/18","Tue",0.90937,0.81240,103.84,3.8237,0.98876
2457681,"2016/10/19","Wed",0.91198,0.81445,103.29,3.8336,0.98928
2457682,"2016/10/20","Thu",0.91462,0.81620,103.92,3.8478,0.99166
2457683,"2016/10/21","Fri",0.92029,0.81908,103.93,3.8643,0.99522
2457686,"2016/10/24","Mon",0.91850,0.81944,104.19,3.8616,0.99222
2457687,"2016/10/25","Tue",0.91838,0.82227,104.25,3.8482,0.99404
2457688,"2016/10/26","Wed",0.91620,0.81748,104.46,3.8413,0.99272
2457689,"2016/10/27","Thu",0.91716,0.82158,105.15,3.8521,0.99399
2457690,"2016/10/28","Fri",0.91459,0.82283,105.39,3.8529,0.99317
2457693,"2016/10/31","Mon",0.91227,0.81880,105.04,3.8338,0.98893
2457694,"2016/11/01","Tue",0.90552,0.81839,104.61,3.8128,0.97907
2457695,"2016/11/02","Wed",0.89938,0.81206,103.24,3.8126,0.97015
2457696,"2016/11/03","Thu",0.90141,0.80290,103.13,3.8126,0.97445
2457697,"2016/11/04","Fri",0.89923,0.79715,103.01,3.7962,0.96831
2457700,"2016/11/07","Mon",0.90603,0.80630,104.64,3.8139,0.97586
2457701,"2016/11/08","Tue",0.90623,0.80825,105.02,3.8019,0.97564
2457702,"2016/11/09","Wed",0.91323,0.80187,104.83,3.8167,0.98148
2457703,"2016/11/10","Thu",0.91898,0.79861,106.61,3.8401,0.98783
2457707,"2016/11/14","Mon",0.93264,0.80205,108.31,3.8541,0.99787
2457708,"2016/11/15","Tue",0.93243,0.80507,108.96,3.8425,1.00156
2457709,"2016/11/16","Wed",0.93465,0.80321,109.16,3.8519,1.00194
2457710,"2016/11/17","Thu",0.93850,0.80336,109.62,3.8633,1.00486
2457711,"2016/11/18","Fri",0.94341,0.81127,110.54,3.8814,1.00941
2457714,"2016/11/21","Mon",0.94368,0.80173,111.14,3.8723,1.01137
2457715,"2016/11/22","Tue",0.94172,0.80489,111.02,3.8654,1.00999
2457716,"2016/11/23","Wed",0.94706,0.80284,112.63,3.8740,1.01568
2457717,"2016/11/24","Thu",0.94719,0.80323,113.34,3.8711,1.01658
2457718,"2016/11/25","Fri",0.94391,0.80245,113.18,3.8700,1.01358
2457721,"2016/11/28","Mon",0.94566,0.80578,112.33,3.8475,1.01592
2457722,"2016/11/29","Tue",0.94115,0.79961,112.80,3.8364,1.01358
2457723,"2016/11/30","Wed",0.94536,0.80122,114.36,3.8382,1.01882
2457724,"2016/12/01","Thu",0.94033,0.79399,114.33,3.8330,1.01261
2457725,"2016/12/02","Fri",0.93754,0.78836,113.76,3.8191,1.01118
2457728,"2016/12/05","Mon",0.93261,0.78696,114.12,3.8182,1.01082
2457729,"2016/12/06","Tue",0.93311,0.78707,114.00,3.8109,1.00935
2457730,"2016/12/07","Wed",0.92951,0.79349,113.46,3.7971,1.00722
2457731,"2016/12/08","Thu",0.94106,0.79525,114.17,3.8145,1.01544
2457732,"2016/12/09","Fri",0.94876,0.79435,115.17,3.8368,1.01857
2457735,"2016/12/12","Mon",0.94281,0.78890,115.36,3.8142,1.01577
2457736,"2016/12/13","Tue",0.94037,0.78837,115.29,3.8018,1.01188
2457737,"2016/12/14","Wed",0.93850,0.78661,115.11,3.8049,1.01008
2457738,"2016/12/15","Thu",0.96395,0.80719,118.35,3.8597,1.03348
2457739,"2016/12/16","Fri",0.95654,0.80147,117.72,3.8773,1.02592
2457742,"2016/12/19","Mon",0.95727,0.80521,116.60,3.8608,1.02267
2457743,"2016/12/20","Tue",0.96238,0.80907,117.87,3.8454,1.02821
2457744,"2016/12/21","Wed",0.95920,0.80992,117.76,3.8278,1.02619
2457745,"2016/12/22","Thu",0.95674,0.81289,117.52,3.8164,1.02457
2457746,"2016/12/23","Fri",0.95715,0.81630,117.19,3.8138,1.02693
2457751,"2016/12/28","Wed",0.96258,0.81825,117.67,3.8544,1.03134
2457752,"2016/12/29","Thu",0.95389,0.81740,116.38,3.8438,1.02329
2457753,"2016/12/30","Fri",0.94763,0.81061,116.76,3.8429,1.01612
2457757,"2017/01/03","Tue",0.96013,0.81596,117.67,3.8682,1.02659
2457758,"2017/01/04","Wed",0.95461,0.81328,117.43,3.8564,1.02277
2457759,"2017/01/05","Thu",0.94353,0.80566,115.42,3.8441,1.01078
2457760,"2017/01/06","Fri",0.94704,0.81214,116.85,3.8407,1.01513
2457763,"2017/01/09","Mon",0.94558,0.82201,116.08,3.8425,1.01489
2457764,"2017/01/10","Tue",0.94593,0.82211,115.76,3.8462,1.01584
2457765,"2017/01/11","Wed",0.95242,0.82540,116.27,3.8454,1.02044
2457766,"2017/01/12","Thu",0.93766,0.81894,113.88,3.8246,1.00667
2457767,"2017/01/13","Fri",0.94124,0.81976,115.02,3.8306,1.00984
2457770,"2017/01/16","Mon",0.94338,0.83037,114.06,3.8276,1.01168
2457771,"2017/01/17","Tue",0.93499,0.80747,112.98,3.8131,1.00276
2457772,"2017/01/18","Wed",0.93613,0.81244,113.40,3.8095,1.00282
2457773,"2017/01/19","Thu",0.94072,0.81180,115.30,3.8181,1.00947
2457774,"2017/01/20","Fri",0.93640,0.81118,115.09,3.8025,1.00505
2457777,"2017/01/23","Mon",0.93112,0.80093,112.91,3.7936,0.99902
2457778,"2017/01/24","Tue",0.93039,0.79801,113.67,3.7880,1.00000
2457779,"2017/01/25","Wed",0.93087,0.79247,113.60,3.7833,0.99962
2457780,"2017/01/26","Thu",0.93727,0.79505,114.75,3.7928,1.00115
2457781,"2017/01/27","Fri",0.93548,0.79810,115.18,3.7732,0.99916
2457784,"2017/01/30","Mon",0.93635,0.80168,113.85,3.7776,0.99764
2457785,"2017/01/31","Tue",0.92654,0.79471,112.72,3.7713,0.98907
2457786,"2017/02/01","Wed",0.92968,0.79097,113.32,3.7797,0.99310
2457787,"2017/02/02","Thu",0.92570,0.79739,112.43,3.7551,0.98944
2457788,"2017/02/03","Fri",0.92667,0.79936,112.39,3.7475,0.99108
2457791,"2017/02/06","Mon",0.93194,0.80329,112.30,3.7392,0.99341
2457792,"2017/02/07","Tue",0.93542,0.80096,112.16,3.7470,0.99712
2457793,"2017/02/08","Wed",0.93398,0.79739,111.78,3.7474,0.99358
2457794,"2017/02/09","Thu",0.93831,0.79909,113.28,3.7460,1.00137
2457795,"2017/02/10","Fri",0.93909,0.79993,113.19,3.7504,1.00268
2457798,"2017/02/13","Mon",0.94321,0.79940,113.76,3.7485,1.00546
2457799,"2017/02/14","Tue",0.94548,0.80227,114.35,3.7494,1.00723
2457800,"2017/02/15","Wed",0.94374,0.80231,114.17,3.7436,1.00623
2457801,"2017/02/16","Thu",0.93808,0.80155,113.35,3.7181,0.99923
2457802,"2017/02/17","Fri",0.94211,0.80471,112.87,3.7009,1.00214
2457806,"2017/02/21","Tue",0.94781,0.80226,113.45,3.6977,1.00836
2457807,"2017/02/22","Wed",0.94741,0.80286,113.49,3.7073,1.01096
2457808,"2017/02/23","Thu",0.94472,0.79700,112.72,3.6979,1.00614
2457809,"2017/02/24","Fri",0.94511,0.80010,112.29,3.6871,1.00560
2457812,"2017/02/27","Mon",0.94116,0.80173,111.97,3.6667,1.00514
2457813,"2017/02/28","Tue",0.94185,0.80476,112.08,3.6406,1.00227
2457814,"2017/03/01","Wed",0.94666,0.81180,113.68,3.6514,1.00725
2457815,"2017/03/02","Thu",0.95104,0.81525,114.49,3.6881,1.01202
2457816,"2017/03/03","Fri",0.94767,0.81649,114.59,3.7028,1.01184
2457819,"2017/03/06","Mon",0.94477,0.81694,113.93,3.6760,1.01162
2457820,"2017/03/07","Tue",0.94504,0.81911,113.96,3.6768,1.01322
2457821,"2017/03/08","Wed",0.94816,0.82296,114.54,3.6914,1.01460
2457822,"2017/03/09","Thu",0.94467,0.82212,114.74,3.6869,1.01321
2457823,"2017/03/10","Fri",0.93750,0.82258,115.02,3.6750,1.01058
2457826,"2017/03/13","Mon",0.93723,0.81741,114.59,3.6557,1.00689
2457827,"2017/03/14","Tue",0.93937,0.82192,114.58,3.6684,1.00779
2457828,"2017/03/15","Wed",0.94056,0.81829,114.67,3.6482,1.00802
2457829,"2017/03/16","Thu",0.93138,0.80855,113.04,3.6293,0.99544
2457830,"2017/03/17","Fri",0.93099,0.80838,112.63,3.6309,0.99776
2457833,"2017/03/20","Mon",0.92996,0.80868,112.62,3.6286,0.99679
2457834,"2017/03/21","Tue",0.92513,0.80130,111.93,3.6374,0.99366
2457835,"2017/03/22","Wed",0.92591,0.80157,111.04,3.6477,0.98999
2457836,"2017/03/23","Thu",0.92706,0.79838,111.11,3.6509,0.99248
2457837,"2017/03/24","Fri",0.92553,0.80068,111.07,3.6399,0.99125
2457840,"2017/03/27","Mon",0.91902,0.79482,110.48,3.6110,0.98309
2457841,"2017/03/28","Tue",0.92159,0.79980,110.53,3.6087,0.98511
2457842,"2017/03/29","Wed",0.92971,0.80583,111.06,3.6239,0.99665
2457843,"2017/03/30","Thu",0.93225,0.80071,111.40,3.6232,0.99700
2457844,"2017/03/31","Fri",0.93481,0.79772,111.39,3.6310,0.99993
2457847,"2017/04/03","Mon",0.93859,0.80145,111.02,3.6373,1.00292
2457848,"2017/04/04","Tue",0.93778,0.80411,110.78,3.6523,1.00224
2457849,"2017/04/05","Wed",0.93803,0.80080,111.20,3.6552,1.00517
2457850,"2017/04/06","Thu",0.93901,0.80097,111.00,3.6477,1.00464
2457851,"2017/04/07","Fri",0.94206,0.80661,110.81,3.6454,1.00676
2457854,"2017/04/10","Mon",0.94298,0.80530,110.95,3.6577,1.00778
2457855,"2017/04/11","Tue",0.94214,0.80109,109.75,3.6554,1.00718
2457856,"2017/04/12","Wed",0.94247,0.80007,109.57,3.6564,1.00544
2457857,"2017/04/13","Thu",0.94071,0.79866,109.27,3.6623,1.00477
2457861,"2017/04/17","Mon",0.93811,0.79451,108.47,3.6566,1.00219
2457862,"2017/04/18","Tue",0.93404,0.78325,108.44,3.6711,0.99776
2457863,"2017/04/19","Wed",0.93398,0.78195,109.06,3.6730,0.99859
2457864,"2017/04/20","Thu",0.92965,0.77942,109.33,3.6680,0.99608
2457865,"2017/04/21","Fri",0.93518,0.78233,109.07,3.6733,0.99882
2457868,"2017/04/24","Mon",0.92184,0.78227,109.71,3.6530,0.99639
2457869,"2017/04/25","Tue",0.91400,0.77907,110.87,3.6423,0.99256
2457870,"2017/04/26","Wed",0.91975,0.77896,111.50,3.6430,0.99568
2457871,"2017/04/27","Thu",0.92052,0.77587,111.11,3.6339,0.99490
2457872,"2017/04/28","Fri",0.91791,0.77299,111.46,3.6237,0.99447
2457875,"2017/05/01","Mon",0.91666,0.77420,111.69,3.6143,0.99483
2457876,"2017/05/02","Tue",0.91644,0.77392,112.09,3.6084,0.99327
2457877,"2017/05/03","Wed",0.91653,0.77476,112.41,3.6170,0.99154
2457878,"2017/05/04","Thu",0.91273,0.77456,112.65,3.6079,0.98963
2457879,"2017/05/05","Fri",0.91031,0.77177,112.58,3.5913,0.98790
2457882,"2017/05/08","Mon",0.91458,0.77263,112.89,3.6005,0.99738
2457883,"2017/05/09","Tue",0.91894,0.77337,114.11,3.6081,1.00660
2457884,"2017/05/10","Wed",0.92005,0.77278,114.03,3.6050,1.00819
2457885,"2017/05/11","Thu",0.92043,0.77656,113.85,3.6079,1.00742
2457886,"2017/05/12","Fri",0.91592,0.77651,113.43,3.6016,1.00329
2457889,"2017/05/15","Mon",0.91104,0.77479,113.58,3.6047,0.99657
2457890,"2017/05/16","Tue",0.90261,0.77466,113.21,3.5982,0.98736
2457891,"2017/05/17","Wed",0.89796,0.77186,111.41,3.6093,0.98020
2457892,"2017/05/18","Thu",0.89972,0.76994,111.11,3.5927,0.97886
2457893,"2017/05/19","Fri",0.89329,0.76776,111.38,3.5816,0.97467
2457897,"2017/05/23","Tue",0.89220,0.77037,111.40,3.5944,0.97352
2457898,"2017/05/24","Wed",0.89358,0.77232,111.89,3.5828,0.97600
2457899,"2017/05/25","Thu",0.89199,0.77218,111.83,3.5692,0.97232
2457900,"2017/05/26","Fri",0.89474,0.78092,111.21,3.5789,0.97451
2457903,"2017/05/29","Mon",0.89479,0.77876,111.31,3.5630,0.97583
2457904,"2017/05/30","Tue",0.89442,0.77770,110.86,3.5427,0.97502
2457905,"2017/05/31","Wed",0.89027,0.77644,110.75,3.5402,0.96913
2457906,"2017/06/01","Thu",0.89162,0.77622,111.29,3.5562,0.97094
2457907,"2017/06/02","Fri",0.88737,0.77654,110.60,3.5469,0.96485
2457910,"2017/06/05","Mon",0.88873,0.77417,110.52,3.5433,0.96528
2457911,"2017/06/06","Tue",0.88734,0.77567,109.44,3.5423,0.96288
2457912,"2017/06/07","Wed",0.88886,0.77269,109.51,3.5393,0.96482
2457913,"2017/06/08","Thu",0.89158,0.77323,110.14,3.5307,0.96768
2457914,"2017/06/09","Fri",0.89377,0.78553,110.54,3.5293,0.97008
2457917,"2017/06/12","Mon",0.89243,0.78995,109.87,3.5424,0.96859
2457918,"2017/06/13","Tue",0.89235,0.78499,110.04,3.5280,0.96833
2457919,"2017/06/14","Wed",0.88818,0.78238,109.35,3.5213,0.96769
2457920,"2017/06/15","Thu",0.89689,0.78403,110.69,3.5298,0.97518
2457921,"2017/06/16","Fri",0.89381,0.78231,110.91,3.5191,0.97380
2457924,"2017/06/19","Mon",0.89579,0.78443,111.37,3.5243,0.97428
2457925,"2017/06/20","Tue",0.89818,0.79178,111.49,3.5415,0.97523
2457926,"2017/06/21","Wed",0.89696,0.78925,111.47,3.5408,0.97402
2457927,"2017/06/22","Thu",0.89654,0.78947,111.27,3.5479,0.97253
2457928,"2017/06/23","Fri",0.89329,0.78583,111.22,3.5381,0.96939
2457931,"2017/06/26","Mon",0.89331,0.78573,111.62,3.5215,0.97131
2457932,"2017/06/27","Tue",0.88433,0.78225,112.14,3.5159,0.96291
2457933,"2017/06/28","Wed",0.87982,0.77429,112.20,3.5041,0.96015
2457934,"2017/06/29","Thu",0.87537,0.76998,112.30,3.4888,0.95713
2457935,"2017/06/30","Fri",0.87606,0.76960,112.26,3.4882,0.95835
2457939,"2017/07/04","Tue",0.88124,0.77375,113.22,3.5163,0.96531
2457940,"2017/07/05","Wed",0.88229,0.77394,113.28,3.5108,0.96585
2457941,"2017/07/06","Thu",0.87669,0.77184,113.26,3.5279,0.96274
2457942,"2017/07/07","Fri",0.87714,0.77619,113.94,3.5422,0.96402
2457945,"2017/07/10","Mon",0.87745,0.77648,114.15,3.5479,0.96612
2457946,"2017/07/11","Tue",0.87451,0.77784,114.13,3.5662,0.96627
2457947,"2017/07/12","Wed",0.87552,0.77601,113.22,3.5409,0.96428
2457948,"2017/07/13","Thu",0.87707,0.77315,113.27,3.5396,0.96699
2457949,"2017/07/14","Fri",0.87303,0.76554,112.54,3.5563,0.96483
2457952,"2017/07/17","Mon",0.87162,0.76559,112.61,3.5789,0.96196
2457953,"2017/07/18","Tue",0.86458,0.76724,111.95,3.5669,0.95378
2457954,"2017/07/19","Wed",0.86790,0.76747,111.76,3.5659,0.95460
2457955,"2017/07/20","Thu",0.86175,0.77090,111.97,3.5560,0.95319
2457956,"2017/07/21","Fri",0.85764,0.76997,111.15,3.5692,0.94659
2457959,"2017/07/24","Mon",0.85904,0.76747,111.02,3.5661,0.94616
2457960,"2017/07/25","Tue",0.85711,0.76641,111.57,3.5734,0.94901
2457961,"2017/07/26","Wed",0.85815,0.76572,111.85,3.5579,0.95692
2457962,"2017/07/27","Thu",0.85630,0.76379,111.39,3.5544,0.96323
2457963,"2017/07/28","Fri",0.85143,0.76231,110.84,3.5587,0.96887
2457966,"2017/07/31","Mon",0.84822,0.75952,110.39,3.5616,0.96738
2457967,"2017/08/01","Tue",0.84674,0.75664,110.26,3.5627,0.96529
2457968,"2017/08/02","Wed",0.84352,0.75576,110.56,3.5783,0.96914
2457969,"2017/08/03","Thu",0.84258,0.76143,110.24,3.6005,0.96933
2457970,"2017/08/04","Fri",0.84899,0.76617,110.76,3.6269,0.97275
2457974,"2017/08/08","Tue",0.84984,0.76996,110.48,3.6101,0.97454
2457975,"2017/08/09","Wed",0.85177,0.76958,109.90,3.5970,0.96425
2457976,"2017/08/10","Thu",0.85103,0.77008,109.39,3.5861,0.96427
2457977,"2017/08/11","Fri",0.84657,0.76953,109.07,3.5837,0.96179
2457980,"2017/08/14","Mon",0.84841,0.77079,109.62,3.5836,0.97088
2457981,"2017/08/15","Tue",0.85278,0.77741,110.53,3.6167,0.97300
2457982,"2017/08/16","Wed",0.85320,0.77731,110.62,3.6236,0.97236
2457983,"2017/08/17","Thu",0.85240,0.77637,109.88,3.6257,0.96388
2457984,"2017/08/18","Fri",0.85115,0.77706,109.06,3.6194,0.96341
2457987,"2017/08/21","Mon",0.84714,0.77518,108.87,3.6172,0.96272
2457988,"2017/08/22","Tue",0.85041,0.77953,109.43,3.6179,0.96725
2457989,"2017/08/23","Wed",0.84692,0.78144,109.06,3.6072,0.96557
2457990,"2017/08/24","Thu",0.84718,0.78077,109.33,3.5981,0.96436
2457991,"2017/08/25","Fri",0.84286,0.77725,109.39,3.5843,0.95915
2457994,"2017/08/28","Mon",0.83609,0.77360,109.20,3.5790,0.95508
2457995,"2017/08/29","Tue",0.83228,0.77301,109.02,3.5734,0.94926
2457996,"2017/08/30","Wed",0.83983,0.77393,110.28,3.5908,0.96060
2457997,"2017/08/31","Thu",0.84208,0.77569,110.16,3.5835,0.96260
2457998,"2017/09/01","Fri",0.84177,0.77148,110.13,3.5736,0.96255
2458002,"2017/09/05","Tue",0.83968,0.76867,108.90,3.5690,0.95662
2458003,"2017/09/06","Wed",0.83839,0.76612,109.01,3.5500,0.95596
2458004,"2017/09/07","Thu",0.83291,0.76407,108.56,3.5224,0.95204
2458005,"2017/09/08","Fri",0.83090,0.75759,107.74,3.5128,0.94626
2458008,"2017/09/11","Mon",0.83520,0.75857,109.06,3.5243,0.95309
2458009,"2017/09/12","Tue",0.83636,0.75335,110.04,3.5434,0.96005
2458010,"2017/09/13","Wed",0.83950,0.75606,110.49,3.5400,0.96340
2458011,"2017/09/14","Thu",0.84089,0.74743,110.59,3.5217,0.96557
2458012,"2017/09/15","Fri",0.83645,0.73647,110.95,3.5221,0.95959
2458015,"2017/09/18","Mon",0.83702,0.73990,111.46,3.5278,0.96105
2458016,"2017/09/19","Tue",0.83449,0.74011,111.51,3.5121,0.96298
2458017,"2017/09/20","Wed",0.83507,0.73831,111.57,3.5176,0.96334
2458018,"2017/09/21","Thu",0.83836,0.73820,112.38,3.5095,0.97158
2458019,"2017/09/22","Fri",0.83624,0.73887,112.07,3.4943,0.96946
2458022,"2017/09/25","Mon",0.84331,0.74165,111.89,3.5191,0.96944
2458023,"2017/09/26","Tue",0.84842,0.74428,112.15,3.5275,0.97058
2458024,"2017/09/27","Wed",0.85148,0.74632,112.84,3.5439,0.97364
2458025,"2017/09/28","Thu",0.84855,0.74426,112.57,3.5289,0.97137
2458026,"2017/09/29","Fri",0.84656,0.74659,112.53,3.5340,0.96909
2458029,"2017/10/02","Mon",0.85143,0.75327,112.66,3.5373,0.97300
2458030,"2017/10/03","Tue",0.85086,0.75497,112.92,3.5279,0.97397
2458031,"2017/10/04","Wed",0.85018,0.75388,112.73,3.5130,0.97439
2458032,"2017/10/05","Thu",0.85366,0.76159,112.74,3.5225,0.97840
2458033,"2017/10/06","Fri",0.85327,0.76598,112.85,3.5205,0.97940
2458037,"2017/10/10","Tue",0.84730,0.75745,112.22,3.4944,0.97535
2458038,"2017/10/11","Wed",0.84412,0.75718,112.29,3.4909,0.97321
2458039,"2017/10/12","Thu",0.84441,0.75721,112.26,3.4987,0.97529
2458040,"2017/10/13","Fri",0.84486,0.75196,111.89,3.5010,0.97410
2458043,"2017/10/16","Mon",0.84724,0.75353,111.87,3.4980,0.97510
2458044,"2017/10/17","Tue",0.85060,0.75874,112.34,3.5123,0.97932
2458045,"2017/10/18","Wed",0.84893,0.75861,112.89,3.5033,0.98160
2458046,"2017/10/19","Thu",0.84476,0.75923,112.52,3.4868,0.97538
2458047,"2017/10/20","Fri",0.84844,0.75841,113.42,3.4913,0.98361
2458050,"2017/10/23","Mon",0.85145,0.75790,113.71,3.4939,0.98619
2458051,"2017/10/24","Tue",0.85001,0.76118,113.90,3.5052,0.98922
2458052,"2017/10/25","Wed",0.84728,0.75461,113.82,3.5088,0.98977
2458053,"2017/10/26","Thu",0.85489,0.75887,113.85,3.5271,0.99581
2458054,"2017/10/27","Fri",0.86258,0.76277,113.93,3.5342,0.99985
2458057,"2017/10/30","Mon",0.86004,0.75788,113.30,3.5255,0.99689
2458058,"2017/10/31","Tue",0.85873,0.75420,113.59,3.5208,0.99783
2458059,"2017/11/01","Wed",0.86026,0.75351,114.03,3.5123,1.00156
2458060,"2017/11/02","Thu",0.85766,0.76426,113.97,3.5087,0.99906
2458061,"2017/11/03","Fri",0.86051,0.76463,114.17,3.5112,1.00055
2458064,"2017/11/06","Mon",0.86215,0.76118,113.91,3.5076,0.99914
2458065,"2017/11/07","Tue",0.86373,0.76074,114.05,3.5167,0.99953
2458066,"2017/11/08","Wed",0.86257,0.76308,113.65,3.5102,1.00000
2458067,"2017/11/09","Thu",0.85943,0.76155,113.32,3.5296,0.99553
2458068,"2017/11/10","Fri",0.85760,0.75742,113.44,3.5484,0.99545
2458072,"2017/11/14","Tue",0.84943,0.76109,113.48,3.5363,0.99051
2458073,"2017/11/15","Wed",0.84690,0.75939,112.94,3.5293,0.98809
2458074,"2017/11/16","Thu",0.84955,0.75804,112.99,3.5170,0.99283
2458075,"2017/11/17","Fri",0.84785,0.75720,112.23,3.5131,0.98963
2458078,"2017/11/20","Mon",0.85116,0.75524,112.42,3.5170,0.99217
2458079,"2017/11/21","Tue",0.85209,0.75529,112.38,3.5160,0.99177
2458080,"2017/11/22","Wed",0.84815,0.75257,111.56,3.5121,0.98407
2458081,"2017/11/23","Thu",0.84395,0.75152,111.24,3.5116,0.98163
2458082,"2017/11/24","Fri",0.83881,0.74987,111.47,3.5090,0.97965
2458085,"2017/11/27","Mon",0.83899,0.74960,111.03,3.5017,0.98090
2458086,"2017/11/28","Tue",0.84245,0.75211,111.27,3.5104,0.98341
2458087,"2017/11/29","Wed",0.84387,0.74532,111.86,3.5031,0.98483
2458088,"2017/11/30","Thu",0.84070,0.74052,112.36,3.4944,0.98427
2458089,"2017/12/01","Fri",0.84109,0.74152,112.25,3.4849,0.97976
2458092,"2017/12/04","Mon",0.84397,0.74175,112.74,3.4889,0.98525
2458093,"2017/12/05","Tue",0.84584,0.74417,112.71,3.5043,0.98723
2458094,"2017/12/06","Wed",0.84770,0.74742,112.20,3.5163,0.98984
2458095,"2017/12/07","Thu",0.84823,0.74474,112.76,3.5174,0.99266
2458096,"2017/12/08","Fri",0.85036,0.74642,113.50,3.5227,0.99374
2458099,"2017/12/11","Mon",0.84806,0.74885,113.45,3.5311,0.99083
2458100,"2017/12/12","Tue",0.85205,0.75045,113.60,3.5483,0.99229
2458101,"2017/12/13","Wed",0.84955,0.74804,113.03,3.5272,0.98862
2458102,"2017/12/14","Thu",0.84779,0.74478,112.52,3.5228,0.98850
2458103,"2017/12/15","Fri",0.84948,0.75044,112.58,3.5161,0.99081
2458106,"2017/12/18","Mon",0.84766,0.74662,112.46,3.5049,0.98620
2458107,"2017/12/19","Tue",0.84543,0.74823,112.94,3.5010,0.98600
2458108,"2017/12/20","Wed",0.84232,0.74615,113.35,3.4939,0.98618
2458109,"2017/12/21","Thu",0.84270,0.74814,113.39,3.4854,0.98905
2458110,"2017/12/22","Fri",0.84424,0.74758,113.41,3.4836,0.99030
2458115,"2017/12/27","Wed",0.84038,0.74596,113.27,3.4791,0.98750
2458116,"2017/12/28","Thu",0.83691,0.74375,112.90,3.4707,0.97870
2458117,"2017/12/29","Fri",0.83344,0.73964,112.61,3.4802,0.97588
2458121,"2018/01/02","Tue",0.82993,0.73651,112.26,3.4554,0.97212
2458122,"2018/01/03","Wed",0.83182,0.73937,112.40,3.4507,0.97700
2458123,"2018/01/04","Thu",0.82848,0.73826,112.75,3.4465,0.97484
2458124,"2018/01/05","Fri",0.83041,0.73731,113.17,3.4325,0.97585
2458127,"2018/01/08","Mon",0.83549,0.73752,113.03,3.4473,0.97719
2458128,"2018/01/09","Tue",0.83848,0.73942,112.60,,0.98318
2458129,"2018/01/10","Wed",0.83529,0.73971,111.47,3.4260,0.97778
2458130,"2018/01/11","Thu",0.83079,0.73896,111.32,3.4181,0.97541
2458131,"2018/01/12","Fri",0.82317,0.73037,111.25,3.3944,0.97066
2458134,"2018/01/15","Mon",0.81499,0.72470,110.52,3.3992,0.96227
2458135,"2018/01/16","Tue",0.81698,0.72592,110.69,3.4308,0.96249
2458136,"2018/01/17","Wed",0.81727,0.72243,110.84,3.4433,0.96139
2458137,"2018/01/18","Thu",0.81699,0.72038,111.03,3.4182,0.95923
2458138,"2018/01/19","Fri",0.81720,0.72126,110.65,3.4203,0.96127
2458141,"2018/01/22","Mon",0.81649,0.71692,110.94,3.4152,0.96208
2458142,"2018/01/23","Tue",0.81436,0.71517,110.41,3.4085,0.95918
2458143,"2018/01/24","Wed",0.80708,0.70395,109.21,3.4132,0.94618
2458144,"2018/01/25","Thu",0.80212,0.70185,108.86,3.3926,0.93697
2458145,"2018/01/26","Fri",0.80456,0.70478,108.75,3.3902,0.93511
2458148,"2018/01/29","Mon",0.80848,0.71087,108.97,3.3994,0.93653
2458149,"2018/01/30","Tue",0.80575,0.70741,108.71,3.4177,0.93401
2458150,"2018/01/31","Wed",0.80420,0.70516,109.17,3.4196,0.93199
2458151,"2018/02/01","Thu",0.80151,0.70229,109.42,3.4278,0.92894
2458152,"2018/02/02","Fri",0.80285,0.70699,110.24,3.4501,0.93125
2458155,"2018/02/05","Mon",0.80535,0.71352,109.89,3.4582,0.93569
2458156,"2018/02/06","Tue",0.80865,0.71817,109.34,3.4786,0.93731
2458157,"2018/02/07","Wed",0.81346,0.72004,109.38,3.4953,0.94274
2458158,"2018/02/08","Thu",0.81567,0.71616,109.15,3.5175,0.93862
2458159,"2018/02/09","Fri",0.81712,0.72432,108.60,3.5162,0.93887
2458162,"2018/02/12","Mon",0.81494,0.72348,108.65,3.5220,0.93870
2458163,"2018/02/13","Tue",0.80946,0.72033,107.69,3.5360,0.93409
2458164,"2018/02/14","Wed",0.80702,0.71738,107.09,3.5235,0.93197
2458165,"2018/02/15","Thu",0.80086,0.71067,106.44,3.5373,0.92405
2458166,"2018/02/16","Fri",0.80410,0.71258,106.18,3.5433,0.92601
2458170,"2018/02/20","Tue",0.81019,0.71448,107.24,3.4992,0.93538
2458171,"2018/02/21","Wed",0.81183,0.71685,107.66,3.4929,0.93734
2458172,"2018/02/22","Thu",0.81135,0.71713,106.80,3.4934,0.93421
2458173,"2018/02/23","Fri",0.81309,0.71546,106.72,3.4864,0.93587
2458176,"2018/02/26","Mon",0.81258,0.71595,106.96,3.4830,0.93776
2458177,"2018/02/27","Tue",0.81599,0.71880,107.33,3.4809,0.93911
2458178,"2018/02/28","Wed",0.81909,0.72502,106.83,3.4760,0.94371
2458179,"2018/03/01","Thu",0.81942,0.72744,106.74,3.4691,0.94604
2458180,"2018/03/02","Fri",0.81188,0.72580,105.49,3.4413,0.93691
2458183,"2018/03/05","Mon",0.81142,0.72283,105.93,3.4670,0.93941
2458184,"2018/03/06","Tue",0.80623,0.71979,106.16,3.4586,0.93892
2458185,"2018/03/07","Wed",0.80606,0.72008,105.95,3.4549,0.94256
2458186,"2018/03/08","Thu",0.81047,0.72282,106.13,3.4608,0.94891
2458187,"2018/03/09","Fri",0.81220,0.72184,106.82,3.4457,0.95041