Date,EUR,GBP,JPY,ILS,CHF
2015/01/02,0.83242,0.6510100000000001,120.21,3.929,1.00051
2015/01/05,0.83905,0.6564399999999999,119.65,3.954,1.00804
2015/01/06,0.8378200000000001,0.65896,118.22,3.9465,1.00614
2015/01/07,0.8460200000000001,0.6634399999999999,119.53,3.9782,1.0161200000000001
2015/01/08,0.8467399999999999,0.66151,119.52,3.9571,1.01696
2015/01/09,0.84536,0.66004,118.66,3.9458,1.0153299999999998
2015/01/12,0.8452,0.65933,118.35,3.9412,1.01506
2015/01/13,0.84906,0.65942,118.18,3.9367,1.01963
2015/01/14,0.847,0.65649,116.78,3.8951,1.0172700000000001
2015/01/15,0.86239,0.65959,116.98,3.9289,0.89492
2015/01/16,0.8683,0.6609,117.51,3.9402,0.84905
2015/01/19,0.8604299999999999,0.66078,117.54,3.913,0.8758
2015/01/20,0.86519,0.65963,118.48,3.9326,0.87528
2015/01/21,0.8633200000000001,0.6615300000000001,117.85,3.9395,0.8598399999999999
2015/01/22,0.8761899999999999,0.6643899999999999,117.93,3.9499,0.86808
2015/01/23,0.8866200000000001,0.66572,117.79,4.0126,0.8761
2015/01/26,0.8858,0.66277,118.43,3.9907,0.89896
2015/01/27,0.87959,0.65814,117.57,3.9428,0.90448
2015/01/28,0.88174,0.65945,117.8,3.9365,0.90586
2015/01/29,0.8843200000000001,0.66481,118.28,3.934,0.9227799999999999
2015/01/30,0.8857700000000001,0.6655,117.42,3.9298,0.92112
2015/02/02,0.8821700000000001,0.6655,117.33,3.9392,0.9264899999999999
2015/02/03,0.87251,0.66101,117.51,3.8876,0.9236200000000001
2015/02/04,0.87585,0.65755,117.62,3.8927,0.92395
2015/02/05,0.8747299999999999,0.65393,117.41,3.8602,0.92515
2015/02/06,0.8825799999999999,0.65596,119.15,3.8879,0.9231799999999999
2015/02/09,0.88371,0.6572,118.67,3.8803,0.9259799999999999
2015/02/10,0.88375,0.65571,119.31,3.8691,0.92642
2015/02/11,0.88536,0.6566,120.33,3.8877,0.92911
2015/02/12,0.87656,0.65025,118.69,3.8871,0.9284100000000001
2015/02/13,0.8766299999999999,0.64964,118.68,3.8855,0.93111
2015/02/17,0.87759,0.65159,119.03,3.8663,0.93473
2015/02/18,0.88177,0.64812,119.19,3.8656,0.9446399999999999
2015/02/19,0.8778100000000001,0.64728,118.8,3.8442,0.9474899999999999
2015/02/20,0.8794700000000001,0.65003,118.65,3.8575,0.94221
2015/02/23,0.88151,0.64672,118.9,3.9093,0.9497200000000001
2015/02/24,0.88455,0.6479699999999999,119.12,3.952,0.9517399999999999
2015/02/25,0.8800899999999999,0.64528,118.84,3.9476,0.9499700000000001
2015/02/26,0.89195,0.6483300000000001,119.41,3.9525,0.95409
2015/02/27,0.89305,0.64771,119.69,3.9796,0.95132
2015/03/02,0.89376,0.65059,120.07,3.9971,0.95541
2015/03/03,0.8919100000000001,0.64976,119.5,3.9783,0.9591
2015/03/04,0.90341,0.65508,119.73,3.9923,0.96419
2015/03/05,0.90871,0.65671,120.25,3.9942,0.9737100000000001
2015/03/06,0.92135,0.6639,120.96,4.0307,0.9847799999999999
2015/03/09,0.92205,0.66243,121.13,4.0083,0.9873799999999999
2015/03/10,0.9339799999999999,0.66291,121.24,4.0438,0.99976
2015/03/11,0.9456899999999999,0.66915,121.56,4.0329,1.00742
2015/03/12,0.9421,0.67088,121.33,4.0073,1.00348
2015/03/13,0.9502700000000001,0.67777,121.13,4.0414,1.0048700000000002
2015/03/16,0.9457,0.6756800000000001,121.34,4.0066,1.00742
2015/03/17,0.94299,0.6783,121.26,4.0053,1.00425
2015/03/18,0.9396700000000001,0.68098,120.94,4.0236,0.9953200000000001
2015/03/19,0.9415600000000001,0.67906,120.91,4.0316,0.99221
2015/03/20,0.9267200000000001,0.6701600000000001,120.3,4.0577,0.9765799999999999
2015/03/23,0.9151799999999999,0.66956,119.77,3.967,0.96701
2015/03/24,0.91696,0.6726,119.95,3.9183,0.9587700000000001
2015/03/25,0.9102299999999999,0.67047,119.4,3.9586,0.9575299999999999
2015/03/26,0.91591,0.67378,119.0,3.9565,0.9613799999999999
2015/03/27,0.9181799999999999,0.6721199999999999,119.13,3.9609,0.9588399999999999
2015/03/30,0.92445,0.6762100000000001,120.16,3.9591,0.96811
2015/03/31,0.931,0.6734100000000001,119.99,3.9771,0.9714299999999999
2015/04/01,0.92879,0.67465,119.66,3.9673,0.9671799999999999
2015/04/02,0.91948,0.67379,119.74,3.9476,0.95791
2015/04/06,0.9085700000000001,0.6685300000000001,119.04,3.9133,0.9527200000000001
2015/04/07,0.92169,0.67313,120.42,3.9382,0.9641799999999999
2015/04/08,0.9244,0.6701699999999999,119.92,3.9296,0.9636399999999999
2015/04/09,0.9372,0.67857,120.27,3.9547,0.97534
2015/04/10,0.94366,0.68277,120.3,3.987,0.98069
2015/04/13,0.9451,0.68237,120.36,3.993,0.9780399999999999
2015/04/14,0.9369299999999999,0.67624,119.29,3.9613,0.9714299999999999
2015/04/15,0.9437399999999999,0.6766,119.26,3.9804,0.9722700000000001
2015/04/16,0.9309700000000001,0.67014,119.2,3.9374,0.95854
2015/04/17,0.92763,0.66928,119.08,3.9183,0.9526399999999999
2015/04/20,0.9291200000000001,0.67055,119.3,3.9393,0.9544799999999999
2015/04/21,0.9296399999999999,0.66918,119.4,3.9504,0.95288
2015/04/22,0.9322,0.66562,119.86,3.944,0.9667
2015/04/23,0.9257700000000001,0.66464,119.67,3.9323,0.95525
2015/04/24,0.91951,0.65897,118.92,3.9119,0.9532200000000001
2015/04/27,0.9181600000000001,0.65645,119.14,3.8935,0.95345
2015/04/28,0.91089,0.6525,118.78,3.8566,0.9539700000000001
2015/04/29,0.8950299999999999,0.6459199999999999,118.83,3.8561,0.9358799999999999
2015/04/30,0.89591,0.65247,119.87,3.8657,0.94121
2015/05/01,0.8933200000000001,0.66067,120.24,3.8878,0.9341799999999999
2015/05/04,0.8972399999999999,0.66159,120.27,3.888,0.9357200000000001
2015/05/05,0.89497,0.65897,119.92,3.8764,0.9265100000000001
2015/05/06,0.88139,0.65598,119.37,3.8602,0.9151799999999999
2015/05/07,0.8863200000000001,0.65691,119.71,3.8696,0.9198299999999999
2015/05/08,0.88974,0.6471399999999999,119.8,3.862,0.92771
2015/05/11,0.8975299999999999,0.64132,120.09,3.8649,0.93453
2015/05/12,0.88984,0.63764,119.75,3.8568,0.9269299999999999
2015/05/13,0.87933,0.63502,119.03,3.8305,0.9162799999999999
2015/05/14,0.8797,0.63426,119.2,3.8276,0.9147200000000001
2015/05/15,0.87505,0.6340399999999999,119.38,3.8067,0.9179200000000001
2015/05/19,0.8968799999999999,0.64428,120.54,3.8679,0.9369299999999999
2015/05/20,0.90259,0.64341,121.27,3.8744,0.93953
2015/05/21,0.8987799999999999,0.63813,121.04,3.8709,0.9348
2015/05/22,0.9063899999999999,0.64585,121.42,3.8911,0.9429799999999999
2015/05/25,0.91148,0.64666,121.46,3.8704,0.9445
2015/05/26,0.91945,0.64949,123.07,3.882,0.95052
2015/05/27,0.9186200000000001,0.65267,123.74,3.881,0.95088
2015/05/28,0.91635,0.65403,124.15,3.8688,0.94616
2015/05/29,0.9095200000000001,0.65433,124.03,3.8687,0.9406100000000001
2015/06/01,0.9163899999999999,0.6584800000000001,124.63,3.8759,0.9468799999999999
2015/06/02,0.89859,0.65233,124.23,3.8521,0.93448
2015/06/03,0.88626,0.65154,124.11,3.8454,0.9337700000000001
2015/06/04,0.88728,0.65079,124.52,3.832,0.9343299999999999
2015/06/05,0.9002399999999999,0.6549699999999999,125.59,3.8666,0.94363
2015/06/08,0.89038,0.65447,125.09,3.8415,0.93342
2015/06/09,0.8864299999999999,0.6501100000000001,124.16,3.8228,0.92973
2015/06/10,0.8844299999999999,0.6439699999999999,122.72,3.8191,0.9293899999999999
2015/06/11,0.8899299999999999,0.64549,123.63,3.8218,0.9364299999999999
2015/06/12,0.88671,0.6416,123.25,3.8414,0.9262299999999999
2015/06/15,0.8876299999999999,0.64222,123.39,3.8366,0.93519
2015/06/16,0.8899299999999999,0.63956,123.4,3.8375,0.93268
2015/06/17,0.89046,0.63673,124.25,3.8355,0.92779
2015/06/18,0.8769600000000001,0.62969,122.86,3.8153,0.9197700000000001
2015/06/19,0.8822399999999999,0.6298199999999999,122.67,3.8264,0.92074
2015/06/22,0.8787200000000001,0.632,123.27,3.7774,0.9188700000000001
2015/06/23,0.8937799999999999,0.63495,123.72,3.7686,0.93386
2015/06/24,0.89465,0.63775,124.24,3.7519,0.9362
2015/06/25,0.89335,0.6359199999999999,123.64,3.7758,0.9377200000000001
2015/06/26,0.89649,0.63539,123.92,3.7958,0.9352299999999999
2015/06/29,0.89446,0.63442,122.47,3.7773,0.9283299999999999
2015/06/30,0.8967,0.63597,122.17,3.7743,0.9348700000000001
2015/07/02,0.90169,0.6405,123.2,3.7702,0.9438200000000001
2015/07/03,0.9012100000000001,0.64213,122.64,3.7626,0.94137
2015/07/06,0.90295,0.64023,122.58,3.7667,0.94337
2015/07/07,0.9131299999999999,0.64732,122.15,3.7951,0.9482
2015/07/08,0.90317,0.6513800000000001,120.59,3.7852,0.9458700000000001
2015/07/09,0.90714,0.6504300000000001,121.23,3.7884,0.94957
2015/07/10,0.8968799999999999,0.6451,122.73,3.7618,0.9412200000000001
2015/07/13,0.90749,0.64445,123.3,3.7724,0.9492700000000001
2015/07/14,0.90785,0.6417,123.41,3.7683,0.94647
2015/07/15,0.9120799999999999,0.6401899999999999,123.92,3.7783,0.95237
2015/07/16,0.91766,0.64105,124.06,3.7944,0.95639
2015/07/17,0.92184,0.64007,124.03,3.8162,0.96104
2015/07/20,0.92169,0.64159,124.23,3.8284,0.9632
2015/07/21,0.9152,0.6431,123.91,3.8054,0.9590799999999999
2015/07/22,0.91881,0.64041,124.06,3.8222,0.96147
2015/07/23,0.9111899999999999,0.64381,123.86,3.8245,0.9583
2015/07/24,0.91112,0.64462,123.79,3.821,0.9621299999999999
2015/07/27,0.8999,0.6412800000000001,123.19,3.7729,0.9597899999999999
2015/07/28,0.9046,0.64039,123.53,3.7786,0.964
2015/07/29,0.9071299999999999,0.6401,123.85,3.7765,0.96324
2015/07/30,0.9162299999999999,0.6418,124.41,3.7811,0.9697
2015/07/31,0.9068,0.63968,123.9,3.7675,0.96373
2015/08/04,0.9129799999999999,0.64059,124.05,3.789,0.9730200000000001
2015/08/05,0.92015,0.64085,124.84,3.8156,0.9811
2015/08/06,0.91569,0.64436,124.55,3.81,0.98098
2015/08/07,0.9127700000000001,0.64666,124.26,3.8068,0.9824799999999999
2015/08/10,0.9095700000000001,0.64331,124.58,3.8053,0.9844700000000001
2015/08/11,0.90576,0.6422100000000001,124.86,3.8154,0.9869399999999999
2015/08/12,0.8930899999999999,0.63944,123.91,3.8089,0.9692200000000001
2015/08/13,0.8972899999999999,0.6412,124.32,3.7951,0.9761200000000001
2015/08/14,0.9001899999999999,0.64007,124.32,3.7809,0.97816
2015/08/17,0.90289,0.6412100000000001,124.32,3.8244,0.9772299999999999
2015/08/18,0.90697,0.63871,124.39,3.8507,0.9764700000000001
2015/08/19,0.9041299999999999,0.63926,124.08,3.8686,0.9703700000000001
2015/08/20,0.89295,0.63749,123.51,3.871,0.96219
2015/08/21,0.88059,0.6371,122.09,3.8696,0.9487700000000001
2015/08/24,0.8637100000000001,0.63573,118.72,3.8443,0.93504
2015/08/25,0.87641,0.6370600000000001,119.89,3.8617,0.9487700000000001
2015/08/26,0.8780899999999999,0.64553,119.1,3.9242,0.94778
2015/08/27,0.8900100000000001,0.64898,120.96,3.9149,0.9632799999999999
2015/08/28,0.8951600000000001,0.65098,121.29,3.9339,0.96215
2015/08/31,0.89339,0.65096,121.31,3.9342,0.96773
2015/09/01,0.8878299999999999,0.65188,119.92,3.927,0.9621799999999999
2015/09/02,0.88965,0.6532,120.03,3.93,0.9692
2015/09/03,0.90071,0.65569,120.21,3.9318,0.97669
2015/09/04,0.89956,0.6581600000000001,119.04,3.9316,0.97545
2015/09/08,0.89439,0.6501899999999999,119.74,3.905,0.9779899999999999
2015/09/09,0.89569,0.65093,120.98,3.8925,0.9773799999999999
2015/09/10,0.8879,0.64694,120.72,3.8857,0.9734200000000001
2015/09/11,0.88213,0.6482399999999999,120.69,3.8649,0.97367
2015/09/14,0.88449,0.64842,119.87,3.8858,0.96847
2015/09/15,0.8881700000000001,0.65142,120.35,3.8838,0.9755799999999999
2015/09/16,0.8847299999999999,0.64525,120.57,3.8668,0.9689
2015/09/17,0.88408,0.64482,120.86,3.8862,0.9706299999999999
2015/09/18,0.88046,0.64223,119.84,3.9035,0.9616
2015/09/21,0.89256,0.6449600000000001,120.45,3.9352,0.97041
2015/09/22,0.89838,0.6512,120.05,3.9471,0.9736
2015/09/23,0.8960299999999999,0.6560699999999999,120.06,3.9522,0.97811
2015/09/24,0.8887,0.65565,119.53,3.9256,0.97303
2015/09/25,0.89364,0.6591600000000001,120.7,3.9376,0.9761200000000001
2015/09/28,0.8901399999999999,0.65759,119.83,3.9332,0.9736899999999999
2015/09/29,0.8893399999999999,0.6593399999999999,119.76,3.9323,0.9713200000000001
2015/09/30,0.89586,0.66163,119.8,3.921,0.9773799999999999
2015/10/01,0.89286,0.65956,119.62,3.9341,0.9746799999999999
2015/10/02,0.8869100000000001,0.65725,119.37,3.9234,0.96841
2015/10/05,0.89299,0.6594300000000001,120.38,3.8759,0.97482
2015/10/06,0.8876799999999999,0.65677,120.22,3.8559,0.9676899999999999
2015/10/07,0.8891,0.65304,119.93,3.8488,0.9719700000000001
2015/10/08,0.8862399999999999,0.65296,119.98,3.8641,0.96709
2015/10/09,0.88002,0.6530100000000001,120.32,3.8268,0.9615299999999999
2015/10/13,0.8786799999999999,0.6561600000000001,119.8,3.866,0.95901
2015/10/14,0.87444,0.64751,119.21,3.8488,0.95211
2015/10/15,0.87592,0.64623,118.28,3.8223,0.9491
2015/10/16,0.88033,0.64765,119.64,3.8331,0.9539
2015/10/19,0.8836200000000001,0.64641,119.47,3.857,0.9563
2015/10/20,0.8803700000000001,0.64647,119.8,3.8544,0.9539700000000001
2015/10/21,0.88151,0.64675,119.89,3.8679,0.9572299999999999
2015/10/22,0.89761,0.6494,120.52,3.8733,0.97114
2015/10/23,0.90766,0.6519199999999999,121.18,3.8947,0.97701
2015/10/26,0.9049799999999999,0.65104,120.83,3.8789,0.98139
2015/10/27,0.9048700000000001,0.6531,120.26,3.8592,0.9848299999999999
2015/10/28,0.90389,0.65277,120.62,3.8659,0.9850200000000001
2015/10/29,0.91243,0.65389,121.16,3.8724,0.99187
2015/10/30,0.90565,0.64758,120.69,3.8673,0.98598
2015/11/02,0.9071100000000001,0.6482399999999999,120.69,3.8731,0.9854799999999999
2015/11/03,0.9136299999999999,0.64923,121.24,3.8695,0.99205
2015/11/04,0.9208799999999999,0.6503,121.55,3.8855,0.9934299999999999
2015/11/05,0.92006,0.6564800000000001,121.69,3.8829,0.9965200000000001
2015/11/06,0.93069,0.66361,123.22,3.9245,1.00491
2015/11/09,0.9287799999999999,0.6613,123.03,3.9206,1.0015100000000001
2015/11/10,0.93584,0.66189,123.22,3.9135,1.0079799999999999
2015/11/12,0.92874,0.65769,122.87,3.8807,1.0014299999999998
2015/11/13,0.93276,0.65759,122.88,3.8857,1.00855
2015/11/16,0.9339700000000001,0.65775,123.07,3.8987,1.0077
2015/11/17,0.9403600000000001,0.65733,123.48,3.9085,1.0171
2015/11/18,0.9400200000000001,0.65756,123.52,3.9032,1.01994
2015/11/19,0.93056,0.65249,122.73,3.8826,1.01375
2015/11/20,0.9381700000000001,0.65795,122.82,3.8875,1.01786
2015/11/23,0.94329,0.66117,122.99,3.8795,1.02063
2015/11/24,0.9387700000000001,0.6641699999999999,122.43,3.863,1.01611
2015/11/25,0.942,0.66201,122.7,3.8778,1.02221
2015/11/26,0.94279,0.6615300000000001,122.58,3.8821,1.02473
2015/11/27,0.94384,0.66497,122.79,3.8837,1.03063
2015/11/30,0.9468799999999999,0.66476,123.23,3.8714,1.0283799999999998
2015/12/01,0.9418200000000001,0.66343,122.9,3.8714,1.0302799999999999
2015/12/02,0.9457700000000001,0.66998,123.47,3.886,1.0276100000000001
2015/12/03,0.9174,0.66281,123.11,3.8488,0.9997799999999999
2015/12/04,0.91881,0.6622899999999999,123.07,3.8153,0.9985799999999999
2015/12/07,0.9224899999999999,0.6633899999999999,123.36,3.8738,1.0023
2015/12/08,0.91956,0.66672,123.01,3.8815,0.99408
2015/12/09,0.9105200000000001,0.65937,121.82,3.8655,0.98672
2015/12/10,0.91348,0.65903,121.42,3.8612,0.98887
2015/12/11,0.90901,0.6573899999999999,120.99,3.8483,0.9829200000000001
2015/12/14,0.9071299999999999,0.66097,120.57,3.8587,0.98219
2015/12/15,0.9166700000000001,0.66473,121.7,3.8725,0.99219
2015/12/16,0.9143600000000001,0.66614,121.84,3.8844,0.9852299999999999
2015/12/17,0.92553,0.67228,122.76,3.8935,0.9988600000000001
2015/12/18,0.9220200000000001,0.67066,121.24,3.8962,0.9942
2015/12/21,0.9158200000000001,0.67089,121.02,3.8937,0.99129
2015/12/22,0.91105,0.67518,120.91,3.893,0.9864
2015/12/23,0.91959,0.67285,120.94,3.8911,0.99398
2015/12/24,0.91296,0.6692600000000001,120.29,3.8847,0.98759
2015/12/29,0.91606,0.67597,120.43,3.9003,0.9928299999999999
2015/12/30,0.9164399999999999,0.67427,120.63,3.9033,0.98931
2015/12/31,0.92089,0.6782,120.24,3.8986,1.00254
2016/01/04,0.92565,0.68098,119.29,3.9239,1.00431
2016/01/05,0.93094,0.68212,118.99,3.9306,1.0097399999999999
2016/01/06,0.92927,0.68366,118.55,3.944,1.0085899999999999
2016/01/07,0.9208299999999999,0.68597,117.96,3.9277,1.0022799999999998
2016/01/08,0.9187200000000001,0.68871,117.73,3.9308,0.99739
2016/01/11,0.9193600000000001,0.6867300000000001,117.49,3.9382,1.00007
2016/01/12,0.92289,0.69438,117.82,3.9358,1.00309
2016/01/13,0.92065,0.69117,118.03,3.9334,1.0064799999999998
2016/01/14,0.92064,0.69405,118.0,3.9465,1.00722
2016/01/15,0.9121,0.69987,116.78,3.9651,0.9986299999999999
2016/01/18,0.91869,0.70086,117.37,3.9539,1.0058200000000002
2016/01/19,0.91704,0.7056899999999999,117.71,3.9721,1.00332
2016/01/20,0.91686,0.70591,116.43,3.9741,1.00337
2016/01/21,0.9231299999999999,0.7044,117.61,3.9729,1.01122
2016/01/22,0.92484,0.69902,118.42,3.9862,1.01506
2016/01/25,0.9233,0.70203,118.57,3.9677,1.01488
2016/01/26,0.9221,0.69731,118.47,3.9667,1.01899
2016/01/27,0.92019,0.7012,118.91,3.9692,1.01783
2016/01/28,0.913,0.69692,118.66,3.9509,1.01347
2016/01/29,0.92322,0.70506,121.07,3.9595,1.0226600000000001
2016/02/01,0.91843,0.69609,121.05,3.9543,1.0203200000000001
2016/02/02,0.91675,0.69453,120.31,3.9639,1.0185
2016/02/03,0.9047299999999999,0.68609,117.94,3.9481,1.00749
2016/02/04,0.8929799999999999,0.68599,116.72,3.9005,0.99305
2016/02/05,0.8984700000000001,0.69124,117.0,3.876,0.9942700000000001
2016/02/08,0.89536,0.69366,115.72,3.8951,0.9887100000000001
2016/02/09,0.8836299999999999,0.69024,114.88,3.8668,0.9713200000000001
2016/02/10,0.8910399999999999,0.69101,114.02,3.8886,0.97788
2016/02/11,0.8801399999999999,0.69214,111.71,3.8976,0.9706600000000001
2016/02/12,0.8901700000000001,0.6916800000000001,112.94,3.8873,0.97698
2016/02/16,0.8977299999999999,0.69982,113.89,3.9064,0.9885200000000001
2016/02/17,0.8976700000000001,0.69848,114.13,3.8986,0.99282
2016/02/18,0.9015700000000001,0.69777,113.68,3.9136,0.9942
2016/02/19,0.8988,0.69727,112.48,3.913,0.98967
2016/02/22,0.9076700000000001,0.7064,113.1,3.9089,0.99898
2016/02/23,0.90785,0.71229,112.22,3.9104,0.99223
2016/02/24,0.90733,0.71777,111.38,3.9175,0.9861700000000001
2016/02/25,0.90694,0.71768,112.66,3.9076,0.9895
2016/02/26,0.91484,0.7212,113.74,3.9119,0.9970600000000001
2016/02/29,0.9201799999999999,0.7182,112.88,3.905,0.9961700000000001
2016/03/01,0.92189,0.7170300000000001,113.91,3.8895,0.9994
2016/03/02,0.92215,0.71143,113.85,3.8902,0.99829
2016/03/03,0.91353,0.70667,113.52,3.8883,0.99208
2016/03/04,0.90833,0.70302,113.89,3.9111,0.9926299999999999
2016/03/07,0.90879,0.7016,113.59,3.9121,0.99723
2016/03/08,0.9069299999999999,0.70306,112.61,3.9035,0.9944299999999999
2016/03/09,0.90738,0.70255,113.03,3.8952,0.9959399999999999
2016/03/10,0.8961899999999999,0.6993199999999999,113.14,3.8841,0.98606
2016/03/11,0.8946,0.6933,113.63,3.8754,0.98172
2016/03/14,0.90043,0.69823,113.62,3.8868,0.98598
2016/03/15,0.8999,0.7059300000000001,112.83,3.897,0.98518
2016/03/16,0.90296,0.70924,113.72,3.8956,0.9880200000000001
2016/03/17,0.88369,0.69016,111.26,3.8551,0.9680200000000001
2016/03/18,0.8856,0.68896,111.43,3.8534,0.96816
2016/03/21,0.88808,0.69438,111.61,3.8506,0.96772
2016/03/22,0.8907299999999999,0.7034100000000001,111.83,3.843,0.9704799999999999
2016/03/23,0.8948799999999999,0.7087,112.65,3.8381,0.97331
2016/03/24,0.8958299999999999,0.70708,112.64,3.8317,0.9767399999999999
2016/03/28,0.8922,0.7018399999999999,113.26,3.8303,0.97349
2016/03/29,0.89264,0.70028,113.3,3.8227,0.97451
2016/03/30,0.88261,0.69498,112.62,3.7845,0.96393
2016/03/31,0.8779,0.6954199999999999,112.4,3.7575,0.9583299999999999
2016/04/01,0.87835,0.70406,112.09,3.7774,0.9592700000000001
2016/04/04,0.87826,0.70045,111.23,3.7829,0.96001
2016/04/05,0.87882,0.7067399999999999,110.12,3.8163,0.9568399999999999
2016/04/06,0.8750700000000001,0.70614,109.61,3.7937,0.95404
2016/04/07,0.87829,0.71009,107.98,3.7879,0.9550200000000001
2016/04/08,0.8768,0.70906,108.38,3.7776,0.9539700000000001
2016/04/11,0.87641,0.70233,107.97,3.7636,0.9541200000000001
2016/04/12,0.87761,0.70208,108.56,3.7666,0.95465
2016/04/13,0.88655,0.70313,109.24,3.7768,0.96529
2016/04/14,0.88787,0.7068300000000001,109.15,3.7831,0.96678
2016/04/15,0.8854799999999999,0.70343,108.78,3.774,0.9672
2016/04/18,0.8832399999999999,0.7005399999999999,108.88,3.7769,0.96368
2016/04/19,0.87907,0.6947,109.2,3.7622,0.95988
2016/04/20,0.88276,0.6957399999999999,109.51,3.7614,0.9672200000000001
2016/04/21,0.88497,0.6975100000000001,109.38,3.7648,0.97231
2016/04/22,0.8897799999999999,0.69511,111.47,3.7675,0.9774799999999999
2016/04/25,0.88708,0.69007,111.03,3.7615,0.9743299999999999
2016/04/26,0.8835200000000001,0.68443,111.23,3.7586,0.97135
2016/04/27,0.88326,0.68713,111.22,3.7537,0.9711
2016/04/28,0.88307,0.68576,108.51,3.7613,0.96872
2016/04/29,0.87413,0.6838,106.89,3.737,0.95999
2016/05/02,0.8683700000000001,0.68196,106.52,3.7535,0.9558200000000001
2016/05/03,0.86908,0.6877,106.34,3.7756,0.95426
2016/05/04,0.8706,0.69091,107.1,3.7905,0.95763
2016/05/05,0.87698,0.69035,107.29,3.7881,0.96872
2016/05/06,0.87564,0.69263,106.7,3.7936,0.9699
2016/05/09,0.87702,0.69405,108.37,3.7828,0.9699200000000001
2016/05/10,0.87834,0.69192,109.27,3.7737,0.97465
2016/05/11,0.87379,0.69063,108.5,3.7521,0.97
2016/05/12,0.8787,0.692,108.78,3.7674,0.9693200000000001
2016/05/13,0.88545,0.696,109.11,3.7858,0.97572
2016/05/16,0.88279,0.69401,108.93,3.8161,0.9773200000000001
2016/05/17,0.88205,0.69048,109.01,3.8144,0.97614
2016/05/18,0.8868799999999999,0.6843100000000001,109.65,3.8408,0.9823700000000001
2016/05/19,0.89176,0.6845899999999999,109.85,3.869,0.98936
2016/05/20,0.8922700000000001,0.68912,110.57,3.8829,0.9920700000000001
2016/05/24,0.89733,0.68394,110.05,3.8514,0.99311
2016/05/25,0.89664,0.68071,110.28,3.8466,0.99092
2016/05/26,0.8941899999999999,0.68156,109.73,3.8337,0.98993
2016/05/27,0.89775,0.68286,109.82,3.8414,0.99169
2016/05/30,0.89797,0.68343,111.06,3.846,0.99293
2016/05/31,0.89812,0.68828,110.74,3.8518,0.9934799999999999
2016/06/01,0.89585,0.69481,109.55,3.8548,0.9894200000000001
2016/06/02,0.89638,0.6936399999999999,108.73,3.8618,0.9903799999999999
2016/06/03,0.8828,0.6888,106.92,3.8444,0.97824
2016/06/06,0.88085,0.69215,107.31,3.8239,0.9721
2016/06/07,0.88115,0.6867,107.29,3.829,0.9662299999999999
2016/06/08,0.87715,0.68748,106.68,3.8307,0.95942
2016/06/09,0.88275,0.69126,106.54,3.8474,0.9641
2016/06/10,0.88654,0.6973699999999999,107.03,3.8582,0.9633200000000001
2016/06/13,0.8864299999999999,0.70324,106.07,3.8577,0.9663799999999999
2016/06/14,0.89256,0.70794,106.07,3.8765,0.96388
2016/06/15,0.8898799999999999,0.70514,105.85,3.8665,0.9647399999999999
2016/06/16,0.8962899999999999,0.71057,104.08,3.8801,0.9664299999999999
2016/06/17,0.88851,0.70016,104.19,3.8708,0.96105
2016/06/20,0.88361,0.68086,104.29,3.861,0.9615600000000001
2016/06/21,0.8880399999999999,0.68181,104.55,3.8597,0.95965
2016/06/22,0.88597,0.68119,104.57,3.851,0.9584299999999999
2016/06/23,0.87945,0.67564,105.91,3.8237,0.95678
2016/06/24,0.8990100000000001,0.73353,102.31,3.8953,0.97026
2016/06/27,0.90725,0.7567,101.7,3.8876,0.9788899999999999
2016/06/28,0.90476,0.75234,102.75,3.8785,0.98141
2016/06/29,0.8995299999999999,0.74027,102.7,3.8538,0.9794200000000001
2016/06/30,0.9063,0.7552399999999999,102.76,3.8579,0.9792200000000001
2016/07/04,0.8973700000000001,0.75195,102.51,3.8513,0.9714799999999999
2016/07/05,0.9026200000000001,0.76812,101.56,3.8909,0.97677
2016/07/06,0.9028700000000001,0.7741100000000001,101.13,3.8902,0.9779700000000001
2016/07/07,0.9038,0.77369,100.73,3.8804,0.97815
2016/07/08,0.90609,0.7731399999999999,100.64,3.8885,0.98441
2016/07/11,0.90556,0.77018,102.63,3.8826,0.98315
2016/07/12,0.90307,0.75573,104.71,3.8773,0.9869600000000001
2016/07/13,0.9000299999999999,0.75876,104.14,3.8586,0.98339
2016/07/14,0.90031,0.75017,105.43,3.8518,0.9807100000000001
2016/07/15,0.9043100000000001,0.7580600000000001,105.66,3.8651,0.9834799999999999
2016/07/18,0.90286,0.7531800000000001,105.99,3.8528,0.9823700000000001
2016/07/19,0.90794,0.76193,106.1,3.8639,0.98503
2016/07/20,0.90865,0.75902,106.62,3.858,0.9874299999999999
2016/07/21,0.90781,0.75666,105.98,3.846,0.98692
2016/07/22,0.9117200000000001,0.76408,106.27,3.8397,0.9889700000000001
2016/07/25,0.91081,0.76168,106.05,3.8478,0.98687
2016/07/26,0.9105200000000001,0.76159,104.83,3.8421,0.99249
2016/07/27,0.91009,0.76376,105.68,3.8397,0.99384
2016/07/28,0.90138,0.76044,104.86,3.8285,0.9807100000000001
2016/07/29,0.8953,0.7536,102.36,3.8109,0.96901
2016/08/02,0.89095,0.75047,100.84,3.8105,0.96441
2016/08/03,0.89528,0.75,101.32,3.8212,0.9717
2016/08/04,0.89828,0.76098,101.05,3.8264,0.9739
2016/08/05,0.90255,0.7652100000000001,101.78,3.8403,0.9797100000000001
2016/08/08,0.9017700000000001,0.76584,102.44,3.9331,0.98261
2016/08/09,0.90015,0.76869,101.92,3.8164,0.98269
2016/08/10,0.8951899999999999,0.76941,101.32,3.8187,0.97601
2016/08/11,0.89543,0.77165,101.46,3.8099,0.97234
2016/08/12,0.8951,0.7733,101.05,3.8062,0.9738899999999999
2016/08/15,0.8930799999999999,0.7768,101.03,3.7939,0.9714299999999999
2016/08/16,0.88679,0.7682,100.25,3.7796,0.9622200000000001
2016/08/17,0.88795,0.76857,100.27,3.7975,0.96409
2016/08/18,0.8823700000000001,0.76064,100.04,3.7684,0.9577200000000001
2016/08/19,0.8829,0.76573,100.22,3.7699,0.95947
2016/08/22,0.8839600000000001,0.76152,100.25,3.7765,0.9628
2016/08/23,0.88436,0.75885,100.25,3.7725,0.9623299999999999
2016/08/24,0.8883700000000001,0.75566,100.54,3.766,0.9673299999999999
2016/08/25,0.8870100000000001,0.75895,100.6,3.7586,0.9685600000000001
2016/08/26,0.8898299999999999,0.75949,101.23,3.7713,0.9719200000000001
2016/08/29,0.89435,0.76407,102.11,3.789,0.9782799999999999
2016/08/30,0.89684,0.76432,102.96,3.7901,0.9822700000000001
2016/08/31,0.89718,0.76178,103.42,3.7821,0.9832200000000001
2016/09/01,0.89333,0.75345,103.2,3.7675,0.9792299999999999
2016/09/02,0.8963,0.752,104.16,3.7613,0.9804700000000001
2016/09/06,0.89002,0.74474,102.25,3.7553,0.972
2016/09/07,0.88992,0.74975,101.7,3.7507,0.9702799999999999
2016/09/08,0.8883200000000001,0.75192,102.29,3.7603,0.9725799999999999
2016/09/09,0.89176,0.75431,102.87,3.7613,0.9769100000000001
2016/09/12,0.8905,0.75125,102.0,3.7773,0.97364
2016/09/13,0.8896,0.7586,102.15,3.7858,0.97411
2016/09/14,0.88725,0.75742,102.32,3.7867,0.9709899999999999
2016/09/15,0.88938,0.7568199999999999,102.22,3.7732,0.97162
2016/09/16,0.8961600000000001,0.76402,102.35,3.7762,0.97969
2016/09/19,0.89454,0.7662899999999999,101.86,3.7735,0.97993
2016/09/20,0.89512,0.77082,101.68,3.7762,0.97826
2016/09/21,0.89579,0.77061,100.66,3.775,0.9758
2016/09/22,0.8905799999999999,0.76394,100.84,3.7587,0.96786
2016/09/23,0.8910299999999999,0.77173,101.04,3.7604,0.9703700000000001
2016/09/26,0.88749,0.77058,100.36,3.7534,0.96688
2016/09/27,0.89218,0.76907,100.36,3.753,0.9719700000000001
2016/09/28,0.89286,0.76953,100.55,3.7577,0.9726
2016/09/29,0.8892899999999999,0.76983,101.48,3.7506,0.9655799999999999
2016/09/30,0.8898299999999999,0.76847,101.21,3.7509,0.9694
2016/10/03,0.89197,0.77886,101.52,3.7631,0.97398
2016/10/04,0.89185,0.78454,102.65,3.7715,0.9780200000000001
2016/10/05,0.89336,0.78469,103.52,3.7749,0.9770200000000001
2016/10/06,0.8962600000000001,0.79088,104.02,3.7894,0.9799
2016/10/07,0.89638,0.8046,103.45,3.8022,0.98061
2016/10/11,0.9040600000000001,0.8185899999999999,103.35,3.8076,0.9877600000000001
2016/10/12,0.9080799999999999,0.8201799999999999,104.46,3.8196,0.9903
2016/10/13,0.90597,0.8194799999999999,103.6,3.8062,0.98701
2016/10/14,0.9103399999999999,0.8204899999999999,104.09,3.8224,0.9902200000000001
2016/10/17,0.90914,0.8206600000000001,103.94,3.8292,0.9880399999999999
2016/10/18,0.9093700000000001,0.8124,103.84,3.8237,0.9887600000000001
2016/10/19,0.9119799999999999,0.81445,103.29,3.8336,0.9892799999999999
2016/10/20,0.9146200000000001,0.8162,103.92,3.8478,0.99166
2016/10/21,0.9202899999999999,0.81908,103.93,3.8643,0.9952200000000001
2016/10/24,0.9185,0.81944,104.19,3.8616,0.9922200000000001
2016/10/25,0.91838,0.8222700000000001,104.25,3.8482,0.9940399999999999
2016/10/26,0.9162,0.81748,104.46,3.8413,0.99272
2016/10/27,0.9171600000000001,0.82158,105.15,3.8521,0.9939899999999999
2016/10/28,0.91459,0.82283,105.39,3.8529,0.9931700000000001
2016/10/31,0.91227,0.8188,105.04,3.8338,0.98893
2016/11/01,0.9055200000000001,0.81839,104.61,3.8128,0.9790700000000001
2016/11/02,0.89938,0.81206,103.24,3.8126,0.97015
2016/11/03,0.90141,0.8029,103.13,3.8126,0.97445
2016/11/04,0.89923,0.79715,103.01,3.7962,0.96831
2016/11/07,0.9060299999999999,0.8063,104.64,3.8139,0.9758600000000001
2016/11/08,0.90623,0.80825,105.02,3.8019,0.97564
2016/11/09,0.9132299999999999,0.80187,104.83,3.8167,0.9814799999999999
2016/11/10,0.9189799999999999,0.79861,106.61,3.8401,0.9878299999999999
2016/11/14,0.9326399999999999,0.80205,108.31,3.8541,0.99787
2016/11/15,0.93243,0.80507,108.96,3.8425,1.00156
2016/11/16,0.93465,0.8032100000000001,109.16,3.8519,1.00194
2016/11/17,0.9385,0.8033600000000001,109.62,3.8633,1.00486
2016/11/18,0.9434100000000001,0.8112699999999999,110.54,3.8814,1.0094100000000001
2016/11/21,0.94368,0.80173,111.14,3.8723,1.01137
2016/11/22,0.9417200000000001,0.80489,111.02,3.8654,1.00999
2016/11/23,0.94706,0.80284,112.63,3.874,1.01568
2016/11/24,0.94719,0.80323,113.34,3.8711,1.0165799999999998
2016/11/25,0.94391,0.80245,113.18,3.87,1.01358
2016/11/28,0.9456600000000001,0.80578,112.33,3.8475,1.0159200000000002
2016/11/29,0.94115,0.79961,112.8,3.8364,1.01358
2016/11/30,0.9453600000000001,0.8012199999999999,114.36,3.8382,1.01882
2016/12/01,0.9403299999999999,0.79399,114.33,3.833,1.01261
2016/12/02,0.9375399999999999,0.7883600000000001,113.76,3.8191,1.01118
2016/12/05,0.93261,0.78696,114.12,3.8182,1.01082
2016/12/06,0.93311,0.7870699999999999,114.0,3.8109,1.00935
2016/12/07,0.9295100000000001,0.7934899999999999,113.46,3.7971,1.00722
2016/12/08,0.94106,0.79525,114.17,3.8145,1.01544
2016/12/09,0.94876,0.79435,115.17,3.8368,1.01857
2016/12/12,0.94281,0.7889,115.36,3.8142,1.01577
2016/12/13,0.94037,0.78837,115.29,3.8018,1.01188
2016/12/14,0.9385,0.78661,115.11,3.8049,1.0100799999999999
2016/12/15,0.96395,0.80719,118.35,3.8597,1.03348
2016/12/16,0.95654,0.80147,117.72,3.8773,1.0259200000000002
2016/12/19,0.9572700000000001,0.80521,116.6,3.8608,1.02267
2016/12/20,0.9623799999999999,0.80907,117.87,3.8454,1.02821
2016/12/21,0.9592,0.80992,117.76,3.8278,1.02619
2016/12/22,0.9567399999999999,0.81289,117.52,3.8164,1.02457
2016/12/23,0.95715,0.8163,117.19,3.8138,1.02693
2016/12/28,0.9625799999999999,0.81825,117.67,3.8544,1.03134
2016/12/29,0.95389,0.8174,116.38,3.8438,1.02329
2016/12/30,0.94763,0.81061,116.76,3.8429,1.0161200000000001
2017/01/03,0.9601299999999999,0.81596,117.67,3.8682,1.02659
2017/01/04,0.9546100000000001,0.81328,117.43,3.8564,1.0227700000000002
2017/01/05,0.94353,0.80566,115.42,3.8441,1.01078
2017/01/06,0.94704,0.81214,116.85,3.8407,1.0151299999999999
2017/01/09,0.94558,0.82201,116.08,3.8425,1.01489
2017/01/10,0.9459299999999999,0.82211,115.76,3.8462,1.0158399999999999
2017/01/11,0.95242,0.8254,116.27,3.8454,1.02044
2017/01/12,0.93766,0.81894,113.88,3.8246,1.0066700000000002
2017/01/13,0.94124,0.81976,115.02,3.8306,1.00984
2017/01/16,0.9433799999999999,0.83037,114.06,3.8276,1.01168
2017/01/17,0.93499,0.80747,112.98,3.8131,1.00276
2017/01/18,0.9361299999999999,0.8124399999999999,113.4,3.8095,1.00282
2017/01/19,0.9407200000000001,0.8118,115.3,3.8181,1.00947
2017/01/20,0.9364,0.81118,115.09,3.8025,1.00505
2017/01/23,0.9311200000000001,0.80093,112.91,3.7936,0.99902
2017/01/24,0.9303899999999999,0.79801,113.67,3.788,1.0
2017/01/25,0.9308700000000001,0.79247,113.6,3.7833,0.9996200000000001
2017/01/26,0.93727,0.79505,114.75,3.7928,1.00115
2017/01/27,0.93548,0.7981,115.18,3.7732,0.99916
2017/01/30,0.93635,0.8016800000000001,113.85,3.7776,0.99764
2017/01/31,0.9265399999999999,0.79471,112.72,3.7713,0.9890700000000001
2017/02/01,0.92968,0.79097,113.32,3.7797,0.9931
2017/02/02,0.9257,0.7973899999999999,112.43,3.7551,0.98944
2017/02/03,0.9266700000000001,0.7993600000000001,112.39,3.7475,0.99108
2017/02/06,0.93194,0.80329,112.3,3.7392,0.99341
2017/02/07,0.93542,0.80096,112.16,3.747,0.9971200000000001
2017/02/08,0.9339799999999999,0.7973899999999999,111.78,3.7474,0.9935799999999999
2017/02/09,0.9383100000000001,0.79909,113.28,3.746,1.00137
2017/02/10,0.93909,0.79993,113.19,3.7504,1.00268
2017/02/13,0.94321,0.7994,113.76,3.7485,1.00546
2017/02/14,0.9454799999999999,0.8022699999999999,114.35,3.7494,1.0072299999999998
2017/02/15,0.9437399999999999,0.8023100000000001,114.17,3.7436,1.00623
2017/02/16,0.9380799999999999,0.80155,113.35,3.7181,0.99923
2017/02/17,0.94211,0.80471,112.87,3.7009,1.00214
2017/02/21,0.94781,0.8022600000000001,113.45,3.6977,1.0083600000000001
2017/02/22,0.9474100000000001,0.80286,113.49,3.7073,1.01096
2017/02/23,0.9447200000000001,0.797,112.72,3.6979,1.00614
2017/02/24,0.94511,0.8001,112.29,3.6871,1.0056
2017/02/27,0.94116,0.80173,111.97,3.6667,1.00514
2017/02/28,0.94185,0.80476,112.08,3.6406,1.00227
2017/03/01,0.9466600000000001,0.8118,113.68,3.6514,1.00725
2017/03/02,0.95104,0.81525,114.49,3.6881,1.0120200000000001
2017/03/03,0.9476700000000001,0.8164899999999999,114.59,3.7028,1.01184
2017/03/06,0.9447700000000001,0.81694,113.93,3.676,1.01162
2017/03/07,0.94504,0.81911,113.96,3.6768,1.01322
2017/03/08,0.94816,0.82296,114.54,3.6914,1.0146
2017/03/09,0.9446700000000001,0.8221200000000001,114.74,3.6869,1.01321
2017/03/10,0.9375,0.82258,115.02,3.675,1.01058
2017/03/13,0.9372299999999999,0.8174100000000001,114.59,3.6557,1.00689
2017/03/14,0.93937,0.8219200000000001,114.58,3.6684,1.00779
2017/03/15,0.9405600000000001,0.81829,114.67,3.6482,1.0080200000000001
2017/03/16,0.9313799999999999,0.80855,113.04,3.6293,0.99544
2017/03/17,0.93099,0.80838,112.63,3.6309,0.9977600000000001
2017/03/20,0.92996,0.8086800000000001,112.62,3.6286,0.99679
2017/03/21,0.9251299999999999,0.8013,111.93,3.6374,0.99366
2017/03/22,0.92591,0.80157,111.04,3.6477,0.9899899999999999
2017/03/23,0.92706,0.79838,111.11,3.6509,0.9924799999999999
2017/03/24,0.92553,0.8006800000000001,111.07,3.6399,0.99125
2017/03/27,0.9190200000000001,0.79482,110.48,3.611,0.9830899999999999
2017/03/28,0.9215899999999999,0.7998,110.53,3.6087,0.98511
2017/03/29,0.92971,0.80583,111.06,3.6239,0.99665
2017/03/30,0.93225,0.80071,111.4,3.6232,0.997
2017/03/31,0.93481,0.79772,111.39,3.631,0.9999299999999999
2017/04/03,0.9385899999999999,0.80145,111.02,3.6373,1.00292
2017/04/04,0.93778,0.80411,110.78,3.6523,1.00224
2017/04/05,0.9380299999999999,0.8008,111.2,3.6552,1.0051700000000001
2017/04/06,0.93901,0.80097,111.0,3.6477,1.00464
2017/04/07,0.94206,0.80661,110.81,3.6454,1.00676
2017/04/10,0.9429799999999999,0.8053,110.95,3.6577,1.00778
2017/04/11,0.94214,0.80109,109.75,3.6554,1.00718
2017/04/12,0.94247,0.80007,109.57,3.6564,1.00544
2017/04/13,0.94071,0.79866,109.27,3.6623,1.0047700000000002
2017/04/17,0.93811,0.79451,108.47,3.6566,1.00219
2017/04/18,0.93404,0.78325,108.44,3.6711,0.9977600000000001
2017/04/19,0.9339799999999999,0.78195,109.06,3.673,0.99859
2017/04/20,0.92965,0.77942,109.33,3.668,0.99608
2017/04/21,0.9351799999999999,0.78233,109.07,3.6733,0.99882
2017/04/24,0.92184,0.78227,109.71,3.653,0.99639
2017/04/25,0.914,0.7790699999999999,110.87,3.6423,0.99256
2017/04/26,0.91975,0.77896,111.5,3.643,0.9956799999999999
2017/04/27,0.9205200000000001,0.77587,111.11,3.6339,0.9949
2017/04/28,0.91791,0.77299,111.46,3.6237,0.9944700000000001
2017/05/01,0.91666,0.7742,111.69,3.6143,0.9948299999999999
2017/05/02,0.9164399999999999,0.7739199999999999,112.09,3.6084,0.9932700000000001
2017/05/03,0.91653,0.77476,112.41,3.617,0.99154
2017/05/04,0.9127299999999999,0.77456,112.65,3.6079,0.9896299999999999
2017/05/05,0.9103100000000001,0.77177,112.58,3.5913,0.9879
2017/05/08,0.91458,0.77263,112.89,3.6005,0.9973799999999999
2017/05/09,0.91894,0.77337,114.11,3.6081,1.0066
2017/05/10,0.92005,0.77278,114.03,3.605,1.00819
2017/05/11,0.92043,0.77656,113.85,3.6079,1.00742
2017/05/12,0.9159200000000001,0.77651,113.43,3.6016,1.00329
2017/05/15,0.91104,0.77479,113.58,3.6047,0.9965700000000001
2017/05/16,0.90261,0.77466,113.21,3.5982,0.98736
2017/05/17,0.8979600000000001,0.77186,111.41,3.6093,0.9802
2017/05/18,0.8997200000000001,0.76994,111.11,3.5927,0.9788600000000001
2017/05/19,0.8932899999999999,0.76776,111.38,3.5816,0.97467
2017/05/23,0.8922,0.77037,111.4,3.5944,0.97352
2017/05/24,0.8935799999999999,0.77232,111.89,3.5828,0.976
2017/05/25,0.89199,0.77218,111.83,3.5692,0.9723200000000001
2017/05/26,0.89474,0.78092,111.21,3.5789,0.97451
2017/05/29,0.89479,0.77876,111.31,3.563,0.97583
2017/05/30,0.8944200000000001,0.7777,110.86,3.5427,0.9750200000000001
2017/05/31,0.8902700000000001,0.77644,110.75,3.5402,0.9691299999999999
2017/06/01,0.8916200000000001,0.77622,111.29,3.5562,0.9709399999999999
2017/06/02,0.8873700000000001,0.77654,110.6,3.5469,0.96485
2017/06/05,0.8887299999999999,0.77417,110.52,3.5433,0.9652799999999999
2017/06/06,0.88734,0.77567,109.44,3.5423,0.96288
2017/06/07,0.88886,0.77269,109.51,3.5393,0.9648200000000001
2017/06/08,0.8915799999999999,0.77323,110.14,3.5307,0.9676799999999999
2017/06/09,0.8937700000000001,0.7855300000000001,110.54,3.5293,0.9700799999999999
2017/06/12,0.89243,0.78995,109.87,3.5424,0.96859
2017/06/13,0.89235,0.78499,110.04,3.528,0.9683299999999999
2017/06/14,0.88818,0.78238,109.35,3.5213,0.9676899999999999
2017/06/15,0.89689,0.78403,110.69,3.5298,0.9751799999999999
2017/06/16,0.89381,0.7823100000000001,110.91,3.5191,0.9738
2017/06/19,0.89579,0.7844300000000001,111.37,3.5243,0.9742799999999999
2017/06/20,0.89818,0.79178,111.49,3.5415,0.9752299999999999
2017/06/21,0.8969600000000001,0.78925,111.47,3.5408,0.9740200000000001
2017/06/22,0.89654,0.78947,111.27,3.5479,0.9725299999999999
2017/06/23,0.8932899999999999,0.78583,111.22,3.5381,0.96939
2017/06/26,0.89331,0.78573,111.62,3.5215,0.97131
2017/06/27,0.88433,0.78225,112.14,3.5159,0.96291
2017/06/28,0.87982,0.7742899999999999,112.2,3.5041,0.96015
2017/06/29,0.8753700000000001,0.76998,112.3,3.4888,0.9571299999999999
2017/06/30,0.8760600000000001,0.7696,112.26,3.4882,0.95835
2017/07/04,0.8812399999999999,0.77375,113.22,3.5163,0.96531
2017/07/05,0.88229,0.77394,113.28,3.5108,0.96585
2017/07/06,0.87669,0.77184,113.26,3.5279,0.9627399999999999
2017/07/07,0.8771399999999999,0.7761899999999999,113.94,3.5422,0.9640200000000001
2017/07/10,0.87745,0.7764800000000001,114.15,3.5479,0.9661200000000001
2017/07/11,0.87451,0.77784,114.13,3.5662,0.9662700000000001
2017/07/12,0.8755200000000001,0.7760100000000001,113.22,3.5409,0.9642799999999999
2017/07/13,0.8770700000000001,0.77315,113.27,3.5396,0.96699
2017/07/14,0.87303,0.76554,112.54,3.5563,0.96483
2017/07/17,0.8716200000000001,0.76559,112.61,3.5789,0.96196
2017/07/18,0.8645799999999999,0.7672399999999999,111.95,3.5669,0.95378
2017/07/19,0.8679,0.76747,111.76,3.5659,0.9546
2017/07/20,0.86175,0.7709,111.97,3.556,0.95319
2017/07/21,0.85764,0.7699699999999999,111.15,3.5692,0.9465899999999999
2017/07/24,0.8590399999999999,0.76747,111.02,3.5661,0.94616
2017/07/25,0.85711,0.76641,111.57,3.5734,0.94901
2017/07/26,0.85815,0.76572,111.85,3.5579,0.9569200000000001
2017/07/27,0.8563,0.76379,111.39,3.5544,0.9632299999999999
2017/07/28,0.8514299999999999,0.76231,110.84,3.5587,0.9688700000000001
2017/07/31,0.8482200000000001,0.75952,110.39,3.5616,0.9673799999999999
2017/08/01,0.8467399999999999,0.75664,110.26,3.5627,0.96529
2017/08/02,0.84352,0.75576,110.56,3.5783,0.96914
2017/08/03,0.8425799999999999,0.76143,110.24,3.6005,0.9693299999999999
2017/08/04,0.8489899999999999,0.76617,110.76,3.6269,0.97275
2017/08/08,0.8498399999999999,0.7699600000000001,110.48,3.6101,0.97454
2017/08/09,0.85177,0.76958,109.9,3.597,0.96425
2017/08/10,0.85103,0.77008,109.39,3.5861,0.9642700000000001
2017/08/11,0.84657,0.76953,109.07,3.5837,0.9617899999999999
2017/08/14,0.84841,0.77079,109.62,3.5836,0.97088
2017/08/15,0.85278,0.77741,110.53,3.6167,0.973
2017/08/16,0.8532,0.7773100000000001,110.62,3.6236,0.97236
2017/08/17,0.8524,0.77637,109.88,3.6257,0.96388
2017/08/18,0.85115,0.7770600000000001,109.06,3.6194,0.96341
2017/08/21,0.84714,0.77518,108.87,3.6172,0.96272
2017/08/22,0.85041,0.7795300000000001,109.43,3.6179,0.96725
2017/08/23,0.8469200000000001,0.7814399999999999,109.06,3.6072,0.96557
2017/08/24,0.8471799999999999,0.78077,109.33,3.5981,0.96436
2017/08/25,0.84286,0.77725,109.39,3.5843,0.95915
2017/08/28,0.83609,0.7736,109.2,3.579,0.9550799999999999
2017/08/29,0.8322799999999999,0.7730100000000001,109.02,3.5734,0.94926
2017/08/30,0.83983,0.77393,110.28,3.5908,0.9606
2017/08/31,0.8420799999999999,0.77569,110.16,3.5835,0.9626
2017/09/01,0.84177,0.77148,110.13,3.5736,0.96255
2017/09/05,0.83968,0.76867,108.9,3.569,0.95662
2017/09/06,0.83839,0.76612,109.01,3.55,0.95596
2017/09/07,0.83291,0.76407,108.56,3.5224,0.95204
2017/09/08,0.8309,0.75759,107.74,3.5128,0.94626
2017/09/11,0.8352,0.75857,109.06,3.5243,0.95309
2017/09/12,0.83636,0.75335,110.04,3.5434,0.96005
2017/09/13,0.8395,0.7560600000000001,110.49,3.54,0.9634
2017/09/14,0.8408899999999999,0.74743,110.59,3.5217,0.96557
2017/09/15,0.83645,0.73647,110.95,3.5221,0.9595899999999999
2017/09/18,0.8370200000000001,0.7399,111.46,3.5278,0.96105
2017/09/19,0.83449,0.74011,111.51,3.5121,0.96298
2017/09/20,0.8350700000000001,0.73831,111.57,3.5176,0.96334
2017/09/21,0.83836,0.7382,112.38,3.5095,0.9715799999999999
2017/09/22,0.83624,0.73887,112.07,3.4943,0.96946
2017/09/25,0.84331,0.74165,111.89,3.5191,0.96944
2017/09/26,0.8484200000000001,0.74428,112.15,3.5275,0.9705799999999999
2017/09/27,0.8514799999999999,0.74632,112.84,3.5439,0.97364
2017/09/28,0.84855,0.74426,112.57,3.5289,0.9713700000000001
2017/09/29,0.8465600000000001,0.74659,112.53,3.534,0.96909
2017/10/02,0.8514299999999999,0.75327,112.66,3.5373,0.973
2017/10/03,0.8508600000000001,0.75497,112.92,3.5279,0.9739700000000001
2017/10/04,0.8501799999999999,0.75388,112.73,3.513,0.97439
2017/10/05,0.8536600000000001,0.76159,112.74,3.5225,0.9784
2017/10/06,0.8532700000000001,0.76598,112.85,3.5205,0.9794
2017/10/10,0.8473,0.75745,112.22,3.4944,0.97535
2017/10/11,0.8441200000000001,0.75718,112.29,3.4909,0.97321
2017/10/12,0.84441,0.75721,112.26,3.4987,0.97529
2017/10/13,0.84486,0.7519600000000001,111.89,3.501,0.9741
2017/10/16,0.84724,0.75353,111.87,3.498,0.9751
2017/10/17,0.8506,0.75874,112.34,3.5123,0.9793200000000001
2017/10/18,0.84893,0.75861,112.89,3.5033,0.9816
2017/10/19,0.8447600000000001,0.7592300000000001,112.52,3.4868,0.9753799999999999
2017/10/20,0.84844,0.75841,113.42,3.4913,0.98361
2017/10/23,0.85145,0.7579,113.71,3.4939,0.98619
2017/10/24,0.85001,0.76118,113.9,3.5052,0.9892200000000001
2017/10/25,0.8472799999999999,0.75461,113.82,3.5088,0.98977
2017/10/26,0.8548899999999999,0.7588699999999999,113.85,3.5271,0.9958100000000001
2017/10/27,0.8625799999999999,0.76277,113.93,3.5342,0.99985
2017/10/30,0.8600399999999999,0.75788,113.3,3.5255,0.9968899999999999
2017/10/31,0.8587299999999999,0.7542,113.59,3.5208,0.9978299999999999
2017/11/01,0.86026,0.75351,114.03,3.5123,1.00156
2017/11/02,0.8576600000000001,0.76426,113.97,3.5087,0.9990600000000001
2017/11/03,0.86051,0.76463,114.17,3.5112,1.00055
2017/11/06,0.86215,0.76118,113.91,3.5076,0.9991399999999999
2017/11/07,0.8637299999999999,0.76074,114.05,3.5167,0.9995299999999999
2017/11/08,0.8625700000000001,0.76308,113.65,3.5102,1.0
2017/11/09,0.8594299999999999,0.76155,113.32,3.5296,0.9955299999999999
2017/11/10,0.8576,0.75742,113.44,3.5484,0.99545
2017/11/14,0.8494299999999999,0.7610899999999999,113.48,3.5363,0.99051
2017/11/15,0.8469,0.75939,112.94,3.5293,0.9880899999999999
2017/11/16,0.84955,0.7580399999999999,112.99,3.517,0.9928299999999999
2017/11/17,0.84785,0.7572,112.23,3.5131,0.9896299999999999
2017/11/20,0.85116,0.7552399999999999,112.42,3.517,0.9921700000000001
2017/11/21,0.85209,0.75529,112.38,3.516,0.99177
2017/11/22,0.84815,0.75257,111.56,3.5121,0.9840700000000001
2017/11/23,0.84395,0.75152,111.24,3.5116,0.9816299999999999
2017/11/24,0.8388100000000001,0.74987,111.47,3.509,0.97965
2017/11/27,0.83899,0.7496,111.03,3.5017,0.9809
2017/11/28,0.84245,0.7521100000000001,111.27,3.5104,0.98341
2017/11/29,0.8438700000000001,0.74532,111.86,3.5031,0.9848299999999999
2017/11/30,0.8407,0.74052,112.36,3.4944,0.9842700000000001
2017/12/01,0.84109,0.74152,112.25,3.4849,0.9797600000000001
2017/12/04,0.8439700000000001,0.74175,112.74,3.4889,0.98525
2017/12/05,0.8458399999999999,0.74417,112.71,3.5043,0.9872299999999999
2017/12/06,0.8477,0.74742,112.2,3.5163,0.9898399999999999
2017/12/07,0.8482299999999999,0.74474,112.76,3.5174,0.99266
2017/12/08,0.85036,0.74642,113.5,3.5227,0.99374
2017/12/11,0.84806,0.74885,113.45,3.5311,0.9908299999999999
2017/12/12,0.85205,0.75045,113.6,3.5483,0.99229
2017/12/13,0.84955,0.7480399999999999,113.03,3.5272,0.98862
2017/12/14,0.8477899999999999,0.74478,112.52,3.5228,0.9885
2017/12/15,0.8494799999999999,0.75044,112.58,3.5161,0.9908100000000001
2017/12/18,0.8476600000000001,0.74662,112.46,3.5049,0.9862
2017/12/19,0.8454299999999999,0.7482300000000001,112.94,3.501,0.986
2017/12/20,0.8423200000000001,0.74615,113.35,3.4939,0.98618
2017/12/21,0.8427,0.7481399999999999,113.39,3.4854,0.98905
2017/12/22,0.84424,0.74758,113.41,3.4836,0.9903
2017/12/27,0.8403799999999999,0.7459600000000001,113.27,3.4791,0.9875
2017/12/28,0.83691,0.74375,112.9,3.4707,0.9787
2017/12/29,0.83344,0.73964,112.61,3.4802,0.97588
2018/01/02,0.82993,0.73651,112.26,3.4554,0.9721200000000001
2018/01/03,0.8318200000000001,0.73937,112.4,3.4507,0.977
2018/01/04,0.8284799999999999,0.73826,112.75,3.4465,0.9748399999999999
2018/01/05,0.83041,0.73731,113.17,3.4325,0.97585
2018/01/08,0.83549,0.73752,113.03,3.4473,0.97719
2018/01/09,0.8384799999999999,0.73942,112.6,,0.9831799999999999
2018/01/10,0.83529,0.7397100000000001,111.47,3.426,0.97778
2018/01/11,0.8307899999999999,0.7389600000000001,111.32,3.4181,0.97541
2018/01/12,0.8231700000000001,0.73037,111.25,3.3944,0.9706600000000001
2018/01/15,0.81499,0.7247,110.52,3.3992,0.9622700000000001
2018/01/16,0.81698,0.72592,110.69,3.4308,0.96249
2018/01/17,0.8172699999999999,0.72243,110.84,3.4433,0.96139
2018/01/18,0.81699,0.72038,111.03,3.4182,0.9592299999999999
2018/01/19,0.8172,0.72126,110.65,3.4203,0.9612700000000001
2018/01/22,0.8164899999999999,0.71692,110.94,3.4152,0.9620799999999999
2018/01/23,0.8143600000000001,0.71517,110.41,3.4085,0.9591799999999999
2018/01/24,0.80708,0.70395,109.21,3.4132,0.9461799999999999
2018/01/25,0.8021199999999999,0.70185,108.86,3.3926,0.9369700000000001
2018/01/26,0.80456,0.7047800000000001,108.75,3.3902,0.93511
2018/01/29,0.80848,0.71087,108.97,3.3994,0.93653
2018/01/30,0.80575,0.70741,108.71,3.4177,0.93401
2018/01/31,0.8042,0.70516,109.17,3.4196,0.93199
2018/02/01,0.8015100000000001,0.70229,109.42,3.4278,0.92894
2018/02/02,0.80285,0.70699,110.24,3.4501,0.93125
2018/02/05,0.80535,0.7135199999999999,109.89,3.4582,0.9356899999999999
2018/02/06,0.80865,0.71817,109.34,3.4786,0.9373100000000001
2018/02/07,0.8134600000000001,0.72004,109.38,3.4953,0.9427399999999999
2018/02/08,0.81567,0.71616,109.15,3.5175,0.9386200000000001
2018/02/09,0.81712,0.72432,108.6,3.5162,0.9388700000000001
2018/02/12,0.81494,0.72348,108.65,3.522,0.9387
2018/02/13,0.8094600000000001,0.72033,107.69,3.536,0.93409
2018/02/14,0.80702,0.71738,107.09,3.5235,0.9319700000000001
2018/02/15,0.80086,0.71067,106.44,3.5373,0.92405
2018/02/16,0.8041,0.71258,106.18,3.5433,0.92601
2018/02/20,0.81019,0.71448,107.24,3.4992,0.9353799999999999
2018/02/21,0.81183,0.71685,107.66,3.4929,0.93734
2018/02/22,0.81135,0.71713,106.8,3.4934,0.93421
2018/02/23,0.81309,0.71546,106.72,3.4864,0.9358700000000001
2018/02/26,0.81258,0.71595,106.96,3.483,0.93776
2018/02/27,0.81599,0.7188,107.33,3.4809,0.93911
2018/02/28,0.81909,0.72502,106.83,3.476,0.94371
2018/03/01,0.81942,0.72744,106.74,3.4691,0.94604
2018/03/02,0.81188,0.7258,105.49,3.4413,0.93691
2018/03/05,0.81142,0.72283,105.93,3.467,0.9394100000000001
2018/03/06,0.80623,0.7197899999999999,106.16,3.4586,0.9389200000000001
2018/03/07,0.80606,0.72008,105.95,3.4549,0.9425600000000001
2018/03/08,0.81047,0.72282,106.13,3.4608,0.94891
2018/03/09,0.8122,0.7218399999999999,106.82,3.4457,0.9504100000000001
